10

# proc number 0

0:  240  221    0  228   20  189  232  209  184  216   51  130  259   56  282  191  141  294   53   14  114  118  210  145  296   16  233   36

# proc number 1

1:  207  242  213   83  236  285  226   15  283  254   46  295  200   95  115  263   78  246  171  162    5  269  160  137   44  251  253   42   29  104  129   74   72  140   11

# proc number 2

2:  268  180  248  225  284  264  290  195  175   27  166  164  220  155   79  241  279  203  229   35  215  146   28  150  108   22   18

# proc number 3

3:  234  204  172  262  187  201  252  170  132   90  156  276  224   33  265   48  106   32   17  112  116  193  101  142  126   85   55   65  105   43   39

# proc number 4

4:  299  298  133  266  179  182  122  196  174  239  197  144  198  111   89  278  261  131   71  154  227  286   84   10   70  148    4   13    6  124   77  275   61   23    1

# proc number 5

5:  223  291  211  159  157  272  250  192  217  277  238   68  152  205   52  183   93    9   76    2   19   25  231  255  151    7  119   64   88   99   80   41   87

# proc number 6

6:  281  244  202  163  158  235  230  293  274  219   75  243    3  177  280   54  113   97   58   38   12   45  123   66  127   96   30  121  103  147

# proc number 7

7:  260  214  289  287  186  168  173   50  194  153  176   24  256  110   67  273   31   81   62  169   26  271  139  136   82    8  149  128

# proc number 8

8:  267   69  190  178  270   37  181   98  109   91  222   73  165  208  288  249   60   40  102  143  138   59   63  107   57

# proc number 9

9:  245  206  199  247  161   49  120  212  297  237  257  258  218  185  188  135  167  117  292  100   47  125   86   94   92  134   34   21

