10

# proc number 0

0:  269  229  249  105  110   46  170  399  384  378  361  334  335  309  295  284  265  246  347  257  109   98   80   73   70   28  162   82   22   44   17   20   14  198   10  350    0  179  189  178  307

# proc number 1

1:  278  258  252  259  247  230  226  217  206   65   86   56   39   77   45  373  394  356  342  333  312  303  292  322  339  315  357  336  128   35   90  112  205  267   50   40  132  113  183  204   24   93  175  390  327  185  348  164   11  186  200  167    1  190

# proc number 2

2:  274  239  323  133  225   67   76  173  181  365  362  353  331  321  313  268  287   49   51   25   19   15   41  191  393  124   84   75  116

# proc number 3

3:  261  234  140  260  187  218  103  122  169  209  151  150  203  375  306  308  232  108   33  285  222  276   99   30   26  134  197  184  391   43    7  107  177  145  157

# proc number 4

4:  324  314  297  305  329  256  291  253  240  270   96  192  213   88  196  195  152  397  386  398  387  389  367  332  293  298  277  286  141  111   57   72   62  255   29  161  121  214  114  165   85   95  188  158  146

# proc number 5

5:  296  363  219  289  282  241  221  211  125   71   69   47   36   48  199  366  374  360  325  320  272  130  139  236  235  129  131   59    3  143  123  102   53    5  381  359  358  156  115    8  166

# proc number 6

6:  376  318  228  248  290   83    9   92  271  168  395  385  326  283  288  294  243  254   27  215   13   31    4  316   64    6  392  379  337  135  176  147  127  106    2   74   32

# proc number 7

7:  372  262  351  280  238  263  212   97   55  216   60   37   21  159  396  311  352  304  264  237  149  224  138  223  119  117   89   79   52  172  142   34  144  369   94  266   23

# proc number 8

8:  383  349  281  227  328  233  148  210  242  364  346  345  343  319  330  251   87   68   58   81   42   38   18  153  174  244  154  194  163  201  382  368  104  155   63  126

# proc number 9

9:  341  302  340  310  300  279  231  208  220  207  180  250  202  171  160  388  377  371  355  354  344  301  299  273  118  245  100  317  120  101   78  275   66   91   61   16  182  193   54  380  338  370   12  137  136

