10

# proc number 0

0:  185  195  154  190  168  126  124  174  120   61   39  109   37   32   97   82   80   12    1

# proc number 1

1:  183  134  106  169  122   65   77  102   72   57   88   14   87

# proc number 2

2:  165  139  129  137  108  166  125  115  104  196   26   41  110   62   55   35   17   11   16   18    9

# proc number 3

3:  128  152  181  136  131   54  146  167   29   20   15   24  159    0   79   74   67   33   76

# proc number 4

4:  198  119  173  160  145  144  117  111  127  171  191  107  189   83  182   47  172   69   59   31   30   44   58   38    4   70   90

# proc number 5

5:  194  199  141  150  123  121  118  103  188  148  163   71   52   34   27    5   64   51   49   40   73   98   95

# proc number 6

6:  178  147  132  133  130  112  101  156   92  192  187   91  180  105   99   19   85

# proc number 7

7:  155  142  193  176  158   22   66   75   89   13    8    6   68   60   28   23   48    3   63

# proc number 8

8:  114  113  143  186   46  116   43  100   78   21   10

# proc number 9

9:  162  197  175  170  161  164  149  157  138  184  135  153  179  151   93  177   94   81   84   36   45   25   86   56   50    2  140   96   53   42    7

