11

# proc number 0

0 :  349  329  300  238  260  259  225  169  203  399  366  257  288  251  245  235  212  355  309  299  377  398  371   57  152  139  111  109   73   50  121   82  390  134  156  116   84   43    7   63   30  166   11

# proc number 1

1 :  361  272  304  268  384  325  306  105   76   65   45   56   47   38   36   15   21  151  149   80   62  113  193  183  174  348  197  164  124  115   44  167  106   10  157  179

# proc number 2

2 :  363  296  290  280  270  250  231  211  236  209  395  367  133  148  103  125   48   18   16  204  128   99   89  307   61   58  153  338   64   31  370    3  184   74  369  200   12

# proc number 3

3 :  252  256  233  219  230  388  353  220  284  364  319  339  336  210  330   33  122  254   97  199  129   68  100   70   14  191  172  132   54  189    1  126

# proc number 4

4 :  297  262  281  324  310  282  229  187  332  283  237  232  273  224  385  365  315  387  357   67   88  267   35  118  196   87   79  112   41   28    4   42   40  161  327  359  162  143  107  147  178  286  137  136    2  190

# proc number 5

5 :  341  328  279  362  345  343  342  334  322  265  275  396  326   39   96   25  138   13  117  195  316  298  173  160   90  102  382  379   17  144  380  188  177   32

# proc number 6

6 :  302  271  258  234  247  372  240  248  249  226  312  292  216  140  213  246  215  294  214  207  347  317   69   60  308   27  170  168  295  108   37   98   91  142  337  393  163   53   95    8   23    0  391

# proc number 7

7 :  291  376  274  314  261  289  269  239  228  354  303  301  293  217  243  344  222  356  389  110  202   77   46    5   29   52  182  123  194   94   20  244  381  158

# proc number 8

8 :  383  242  397  394  374  378  206  192  255  205   86   66   49  159  181  131  120  101   78   72   59   51  368  155  145  135  198  186  146   34   22

# proc number 9

9 :  351  278  227  318  305  386  373  333  313  311  221  277  331  287    9  360   92  171  119  141   81  350  266  104   85    6  176  165

# proc number 10

10:  340  323  263  253  241  375  320  321  264  218  335  285  346  276  208  352  180   83   71   55  223   26  150  130   93  201  358  154  114  175  185  127  392   75   24   19

