11

# proc number 0

0 :  194  185  141  147  134  114  108  103  143   81  131   32   97   24   18  187  100   17

# proc number 1

1 :  149  173  124  119  193  158  151   27   23   43   19    5   84   64   95   63   38  167  159

# proc number 2

2 :  154  178  152   61  139  189  186  177   31   72    7    1   73

# proc number 3

3 :  162  142  135  129  176  109  118  136  122  107  104  116   59  192   20   77    8   16   88   82   60   98   53   50   87   42

# proc number 4

4 :  198  183   69  110   46   15   39  105   36   35   14   86   79   99   96   33

# proc number 5

5 :  138  130  153  106   93   47  101   89    6   10    4   90   78   21

# proc number 6

6 :  195  161  137  128  190  146  172   41  125   37   13   58  180   70

# proc number 7

7 :  199  184  132  181  171  117  111  115  148  179  169  163   94   54   75   62   52   34   49    2    9   74

# proc number 8

8 :  175  157  144  113  168  160  145  188  121  166  196  174  182   55   29   25   30   56   12   80   85   76

# proc number 9

9 :  197  165  155  150  127   83  126  112   71   26   57    3  120    0   91   68   48   28  140

# proc number 10

10:  170  164  133  123  102   65   22   92   66  191  156   51   45   40   11   67   44

