11

# proc number 0

0 :  260  201  223  190  250  158  274  276  249  183  224   27   51  131   17    2  253  104  106   81   32  142   13  147  149  128

# proc number 1

1 :  299  252  238  278  241  269   79   49   91  208   26   29  135  119  117   14  134   88   45  118   55   74   36

# proc number 2

2 :  157  287  272  295  200  154  160  185  188   71   58    5   56  112   48  273    4  116  140   82   80  107    1   41

# proc number 3

3 :  291  264  209  163  216  290  197  258  203  261  167   67  133    0   95  146  127   60  233  148  229  210  193   42   53  121   59  215  124

# proc number 4

4 :  178  207  244  236  204  237  218  155  297   75  122  227  126   57   21   23  296

# proc number 5

5 :  298  240  281  268  247  192  212  254  256  239  181  222  282  205  176  162   50   15   24   68  231  132  288   33  123  143  150   28   66   92   18

# proc number 6

6 :  283  266  230  195  184  173  170  161  293  219  174  217  220  279  265  156  251  151  292   90  144  113  141  108   40   38   19  114  105   16   39  255

# proc number 7

7 :  221  180  262  226  270  194  166  257  152  277  263   69  110   52   20   37   54  111   35  125   78    6   30   11  145   63

# proc number 8

8 :  234  242  187  214  245  284  232  177  168  243  286   46  246  120   10    9    3   76  137  271  100   97   86   84   70   96   64   22  136  138   61   43   34

# proc number 9

9 :  225  189  267  202  179  172  199  289  186  228  182  259  198  280  169   83  165   47  109  294  191  130    7   93   31   12   73  139  115  129   62   94    8  103  101   72   85  275   77   87   65

# proc number 10

10:  248  211  213  285  159  206  164  235  196  153  175   98   89  171   44   25  102   99

