12

# proc number 0

0 :  298  201  178  284  110  158  242  223  132  272  195  295   49   35  131  183  100   81  139   55  261  251  231  203  191  271  107   87

# proc number 1

1 :  234  187  291  204  182  192  164  190   98  173  122  177   75   52  102   86  150  134  136  116   74  278  286  279  243  263  227  222  265  208  288  151   43

# proc number 2

2 :  245  221  189  206  184  257  256  196  198   91  258   83   67   68   47    3   38  143  141   57  121  147  294  105

# proc number 3

3 :  244  250  186  235  194  170   90   95  119  106   92   64  241  280  167   13   18   61  169  145  160

# proc number 4

4 :  199  172  248  270  290  276  238   71   44  111   54  220   62  108   88   32   19   21  210  171   41  149  255  296  193

# proc number 5

5 :  180  207  211  240  214  163  264  209  293  237  217  175  297  218  219   50  144  153  174  135  114  229  103  126  101

# proc number 6

6 :  281  236  262  157   69  120  232  109   29   93   73   10  113  137  127  123  129   70   36   59   30  152  269    6  224   63

# proc number 7

7 :   15  213  225  133  260  202  283  287  252  274   56  181   24   76  115   40   42  155  125  154   84  104   53   45   96   77    4  282  188   11   39  292   82

# proc number 8

8 :  266  228  254   17   20    5   97  148  249  140  273

# proc number 9

9 :  285  289  226  230  212  179  168   37  130    9  200  162  165    2   60  117   48  112  246  215  185  275   85

# proc number 10

10:  268  267  159  247  216  166    0  161  176  197  277  156   46   26   14   12   58   72   66   94   34   16  205   23    8  142  124   65  128    1  233

# proc number 11

11:  299  239   89   79   51   31   33   27   78   22   25    7  146   99   80  259   28  253  138  118

