12

# proc number 0

0 :  175  152  142  134   93  114   65   92  113  123  199   71   52   49   34   57   17   18    0   78   12   90   48   63

# proc number 1

1 :  170  165  135  124   47   36   72   40   79   96   87   21   70    1  101

# proc number 2

2 :  185  161  164  129  130   61  112  150   55   39   32   64   51   91  146

# proc number 3

3 :  194  154  171  115  145   66  139  102   94   37   16  192  163

# proc number 4

4 :  132  166  117   83  107  143   81   62    5   27    8   68   73  196  169  189   67   42

# proc number 5

5 :  141  168  153  121   75   31   26   15   45   35   24   88   99  177  159   98

# proc number 6

6 :  183  137  119  147  103  184  193  176  158  148   22   29   11   74   60    7   38   33    3

# proc number 7

7 :  197  144  155  111  118  127  109   89   77   13    6  105    2    9   76  191  182

# proc number 8

8 :  149  173  160  106  126   69   43   41   20  110   82   10   28  186  174   85  100

# proc number 9

9 :  198  157  138  178   54  181   59  122  125   30  116   25   19   95   14  179   53  167

# proc number 10

10:  128  195  162  190  133  131  120   46   97   84   56   50    4   44  187  151

# proc number 11

11:  108  188  136  104   23   86   80  180   58  156  140  172

