12

# proc number 0

0 :  310  297  296  240  300  278  228  103   96   67  366  332  343  319  357  298  317  251   88   21  275  118  199  379  359  358   87   66   51   31   93  189  178  202  166  126  391   11

# proc number 1

1 :  328  305  372  239  279  226   55  362  396  386  354  336  294  288  195  213   97  159   37   16   35   26   64  186  381   84  115

# proc number 2

2 :  341  256  280  249  241  140  216  207  388  342  371  333  325  284  304  316  180  273  267  105  160  205   90  112   50   23   13   19  182  102  197  177  175  327

# proc number 3

3 :  291  211  217  218  210   46  397  334  356  346  393  151  370   99  141   77   78   61   73   52   34   29   28   27  191  337  153  162  154  143  176  127  179  190  106   43

# proc number 4

4 :  324  262  233  250  311  283  255  133  169  128  382  181  368   56   86   49   70  204   14  121  193  134  114   74    6    5  194  184  163  188  156  136   94

# proc number 5

5 :  376  363  323  234  269  238  209  221  187   33   18   39  399  394  384  315  339  264  303  246  285  330  138  348  108  214   80   62   17   10    4   54    3   75  198  165  167  164    0  369   95

# proc number 6

6 :  349  329  318  302  247  289  248  270  242   83  230  227   36  203  192  222    9  347  171  148   89   76   81   48   42   22  142  123  158  146    1  107

# proc number 7

7 :  258  253  290  231  212   92  395  375  345  355  313  360  331  293  299  243  170  120   57  286  119   58   44   25   32   82    8   53  135   63  124    2  380

# proc number 8

8 :  383  259   71  229  206   69   47  398  389  377  374  321  312  301  292  268  232  287  173  149  168  109   65  139  223  129  111   91   68   40   72   41   30  172  161  113  183   12  104  244    7

# proc number 9

9 :  252  271  220  219  208   45   60  361  215  265  276  122  295  150  130  196  201  117  307   98  338   24   20   85  155  144  116

# proc number 10

10:  340  282  261  263  260  225  378  367  322  365  364  352  320  344  309  224  266  125  245  390  110  131  100   79  132  174  200  145  157  137

# proc number 11

11:  314  351  281  274  353  373  387  385  335  326  308  272  306  277  257  237  236  254  152  235  350  101   38   59   15  185  147  392

