13

# proc number 0

0 :  298  245  234  201  226  190  180  182   79  120  220   35  139   88   22  171  138   82  288   85  105    1

# proc number 1

1 :  172   90  266  230  199  194  189  272  196  256  258  197  115  261  243  227   32   99  224   23  155  253

# proc number 2

2 :   20  187   83  287   51  173  154  200  113  135   71   56   14  183  136   92  263  191   72   18   11   13

# proc number 3

3 :  240  236  157  212  174  161   89   68    5  259  130  137  114  246   21  286   87

# proc number 4

4 :  268  247  209  290  195  297  239  238    3  218   50  177  109   95   40  123  146  279  101   30  229  215  275

# proc number 5

5 :  285  179  254  168  166  277   24    0  131  152   78   86   48   28  165   12  143  127  280  116   55   41   36   16   43  294  231

# proc number 6

6 :  262  223  214  211  159  264  295  274  156   44   27  198   76   38  117   62   19    7   42   57   63  251

# proc number 7

7 :  163  284  270  232  170  276  175  132  241  185   93   73  119   84  150    4   53   61    6  140  145

# proc number 8

8 :  207  206  158  235   29   26  100  102   64   17   94  265  210  107  233

# proc number 9

9 :  242  244  267  192  176   69   46  164   67   37   49  237  222   54   33  108  142  271  147  128

# proc number 10

10:  281  299  248  221  250  216  186  293  110  144   98   52    9  278   97   91  167  104  129  112  188  208  249  296

# proc number 11

11:  291  178  289  202  283  184  252  219  133  111    2   47  162   58   60   81   45  148  134  125  160   77   70  153   74   59   39   25   34  121  118  273  151  193

# proc number 12

12:  260  225  213   15  204  228  217  257   75  181  203  122   10   31  141   66  106   96  205    8   80  124  149  282  292  269  255  126  103  169   65

