13

# proc number 0

0 :  147  114  129  135   93   81  191    5  146    4   53   44

# proc number 1

1 :  194  170  149  126  106   59   46   27   30    9  125    8   95  159

# proc number 2

2 :  168  109   54  181   94  187   34   84   72   26   35   60   87   42

# proc number 3

3 :  183  132   39  139   22  196   31  131    3   68   18

# proc number 4

4 :  197  123  113  190  155  130  171  158  174  153  105   52  180   62   57   45   40   17   23   16    2   73   48   85

# proc number 5

5 :  165  115  145  112  103  193  104  182   51  163  143  156   19   24   10   67   28

# proc number 6

6 :  138  164  178  124  150   75   71  148   41   55   15   64   32    6   98   38

# proc number 7

7 :  198  141  117  199  188   69  101  102  186  100   66   37   20   82   80   76   50

# proc number 8

8 :  154  173  137  160  121  111  127  118  189  192  166  136  172  151   43    0   58  120   21

# proc number 9

9 :   61  133  110  176   92   47   97   89   29   49   36   25   78   90   70   12    1   56

# proc number 10

10:  175  142  134  119  184   65   83  108  179  169   77   99   79  167   74    7   63   33

# proc number 11

11:  195  161  157  107  177   13   96

# proc number 12

12:  185  162  128  152  144  122  116   14   11   91   86  140   88

