13

# proc number 0

0 :  349  341  297  227  278  399  342  292  247  293  288  335  299  218  395  133  169  371  357  338  195  149  119  109   90  120   40   33   26   42   15  154  327  116   17  165  147  126

# proc number 1

1 :  397  296  274  310  271  272  268  255  229  219  216  140  307  201   76  110  152   77  370   61   39  153  135   74

# proc number 2

2 :  291  328  279  262  270  373  334  322  231  212  294  385  377  346   46  100   91   30   93   54  348    7  115   10  179  178

# proc number 3

3 :  323  332  300  283  264  261  354  245  241  240  315  306  208  308  196  235  223  138  159  337  118  111   98   99   68   55   79   25  161  121  114   64    5  163  155  145  177  137   85  158   53   63

# proc number 4

4 :  383  256  303  233  253  394  287  396  222  254  367  122  382   97   21  205   66  129   58   47  143  104  124   23    6  197  156

# proc number 5

5 :  252  203  375  318  366  258  284  304  239  344  309  221  389  360  317  173  393  298   81   72   62   57   59   44  191   29   22   24  162  286  185  176  358  146  106   12  391

# proc number 6

6 :  351  362  305  313  242  277  225  319  105  209   96  181  206   92  150   70   16   45   14   52  183  113    2   75  189

# proc number 7

7 :  372  376  345  340  353  280  311  301  251  232  356  236  214  180   88  276  347  316  275  170  168  112  295  101   49   36   50  172   31  174  127  186  202  200    0  166   43   11

# proc number 8

8 :  320  386  302  260  361  343  273  267  210  103  237  379  199   71  130   80   38   28    3   32   27  134  184  198   94

# proc number 9

9 :  324  312  289  263  388  220  215  330   83  141  131   69  182   19  123  188  167    1  204

# proc number 10

10:  281  329  321  314  248  249  257  238  230  226  374  217  207  148  365  378  224  398  326  350  151   78   60   89   51   48   37   18  194  175  190   95   84  369

# proc number 11

11:  363  333  290  269  192  243  228  234  211  384  325    9  244  387  125  160  390   65  108   87   41   34    4  142   13  132   20  359  193  102   82  144  164  107  381  380

# proc number 12

12:  282  259  250  187  246  265  364  355  285  331  352  339  336  171  368  128   86  213  117  139   67   56   73   35  136    8  157  266  392

