14

# proc number 0

0 :  152  128    5  124  131  116   64   19   50   38   48  180   21   80    7

# proc number 1

1 :  144  155   17   47  109  105   71   20    6   13  186  182  179   78   73   58   33   87   53

# proc number 2

2 :  170  141  178  139  126  171  143   84   14   91  174  177   99

# proc number 3

3 :  138   94  115   37   16    9    0  192  191   95   44   88

# proc number 4

4 :  165  113  190  134  132  118  127   54   92  153   45   23   31

# proc number 5

5 :  162  149  117  106   61  188  176   62   52   43   36    1

# proc number 6

6 :  154  147  160  130   22  129  123   93   89  103   83  136   10   96   42   70

# proc number 7

7 :  197  133   66   75    2  104   25  151  140

# proc number 8

8 :  198  135  193  107   59   57   35   11  120   68   60   28   12    3

# proc number 9

9 :  184  168  142  119  108   39   81   32   69  102   34  163   56  100  159  156  146   82

# proc number 10

10:  194  195  183  157  199  150  111   77   26  110   86  101  189  169   98

# proc number 11

11:  164  114   65  166  148   55   49   40  172   74    4   90   63

# proc number 12

12:  175  161  137  173   97  158   27  125   72  122  112   41   51  196  187   67   24   18

# proc number 13

13:  185  145   15  121  181   46    8   29   30  167   79   85   76

