14

# proc number 0

0 :  324  274  259  248  140  221  217  210   71  180  396  385  377  365  361  333  277  265  125  379  152  295  337  317   98  101   52   39   20    4   93   85   51  197  307   95  137  166  391  244

# proc number 1

1 :  376  363  374  373  356  335  304  196  195  150   76   92   79  267   56   91   70   35  191  102  392   15  165  136

# proc number 2

2 :  256  234  192  329  341  220  375  389  331  309  268  251  199  390  245  105  109   65   45  275   29  121  113   82  144   23  145

# proc number 3

3 :  297  289  290  280  240  226  271  187  230  249  345  371  344  319  339  292  308  298  288  359  215  138  160   67   48   90   78   19   30   18  174  198  177  164  167  147  157

# proc number 4

4 :  262  383  228  260  239  208  398  315  285  242  284  237  232  236  205  119   77  117   46   73   34    5  369  188  106   84

# proc number 5

5 :  253  323  241  384  378  355  357  293  225  246  393  170  151  112   62   26   49  193  202  161   31   14   24  381  200  116

# proc number 6

6 :  252  282  349  231  399  388  362  352  320  346  311  283  122  276  173   97  368   60   50   47  316   27   40  186  163  124  286  107    2  179    1

# proc number 7

7 :  351  212  247  270  229  394  360  342  322  257  216  338  168  100   61   59   58   37  183  348  172  162  154  134   74   32  158  146

# proc number 8

8 :  314  279  263  211  209  386  366  364  148  273  330  133  129  350  108   99   72  132   17  176  115

# proc number 9

9 :  328  310  300  278  233  206   21  203  325  313  306  243  103  222  204  131  128   57  153  142  123    7   22   75  189

# proc number 10

10:  302  261  372   69   33    9  395  334  326  235  370  287  224  159  130  141   68   38   12    6   54  185  126

# proc number 11

11:  305  296  207  397  367  321  354  294  336  264  347   83  169   86  139  358   87   55  118  120   36  143  104   64   11   53   63   44  327  194  175   43  156  155  127    8    0

# proc number 12

12:  281  291  258  340  238  219  218  387  353  301   96  382  149   88  213   89  254   66  266   81   80   25   28   16    3  182   10  380  135  178

# proc number 13

13:  318  227  269  332  312  343  303  299  272  250  110  181  201  214  171  223  111  255   13  114   41   42  184  190   94

