14

# proc number 0

0 :  234  213  211   46  158  232  257  219  197  154   79    9    3    0  259  261  294  243   19    2  146  253   62   85  124   53

# proc number 1

1 :  242  157  247  212  256  238  130  152  191  229   73   54   56   24   60   10  141  273  123  127   92   82   16

# proc number 2

2 :  244  182  209  161  164  133   44  122   75  208   29  193  112   42  150   72   70  147

# proc number 3

3 :  172  267  248  285  170  297  239   20  278  279  224   27    5  102  148  116   64   57   45  118    1

# proc number 4

4 :  299  178  298  281  201  258  162  160  132  205  286   26  110   31  109  117    4   99   88   28  126  149  231  215

# proc number 5

5 :  189  252  293  237  235  218  190  220  185   50  280  151  111  288   49   98   95  100   55   11    6  138  103  107

# proc number 6

6 :  214  225  163  216  295  156  177  282  246  169   47   52   33   35   66   12  125  114   30

# proc number 7

7 :  206  202  284  228  166  198  183  203  113  153  115  210   40   96  171   59   25    8

# proc number 8

8 :  268  262  159   69  250  217  175  176  131  155  271   68   58    7   97  139   84   77  140  101   65   87   32   23  128

# proc number 9

9 :  272  254   67  120  269  263   71  119   61  255   63   43

# proc number 10

10:  240  291  283  266  274  196  184  241  222  296  265   86  233   94   21

# proc number 11

11:  207  260  245  223  289  270  168  276  181  174  173  167   89   76  143   22  106   17  136   74  142  121   80   34   18

# proc number 12

12:   90  236  221  204  187   15  287  186  230  200  194  192  165  144   51  227  188  251  249   93   91   14   38   78  129   48  108  105   13   36

# proc number 13

13:  226  199  180  264  195   37  179  290  277   83  292  135  275  137   81  104  134   39  145   41

