15

# proc number 0

0 :  289  262  244  234  187  189  111   46  216  218  175  259  123   97  253  205   86   78   66   61   53   32   25  121   11   85

# proc number 1

1 :  228  214  209  266  174   93   26  276  263  243  222  143  288  114   94   74  208    4  181

# proc number 2

2 :  281  285  283  182  120  110  287  254   76  252  257  238  282  177  100   92  292   87  193  107

# proc number 3

3 :  298  213  164  132    9   47   20  239  135  112  140  167

# proc number 4

4 :  225  242  230   31  237  127  210   62   36

# proc number 5

5 :  260  178  248  180  211  170  133   79  297  293  232  217  286  229  215   84  162  233  165  145   41   18  147

# proc number 6

6 :  299  250  212   50   27  173   91   24   54  113  219  241  141  139  154  280  231  150  102   30   55  142   13    1

# proc number 7

7 :  207  267  159  221  247  199  184   69  220  196  271  125  249  148  129  273   57  118

# proc number 8

8 :  291  204    0   52   49   33   29  272  200  176  278  160   38  183  115   70  101   23   43

# proc number 9

9 :  240  223  192  186  190   89  109  290   58  295  137    7  119  104  203   22   72   82  103  124  191   65  128  171

# proc number 10

10:  163  168   15   75   35  158  270  235  227   17  251   81  224   28    8   63  185  126  151   34   21

# proc number 11

11:  264  245  206   67  130  166  195  156  153   14   12    5    2  155  152   60   48  116    6

# proc number 12

12:   90  172   44  161   98   10   73    3  246   19  108   96   88  169  105   16  149  296

# proc number 13

13:  268  236  226  179  157  194   68   71   56  131  274  198  277  258  146  265   77   99  255   80  275   59   42  138   39

# proc number 14

14:  202  284   83  201  144   51   37  122  256   95  279  117  197  261  269   40   64  134   45  188  106  136  294

