15

# proc number 0

0 :  198  147  138  160  155  139  131  104   65  107  192   77   72    9   53

# proc number 1

1 :  158  146  115  102   75   54   26   47   23   57   74   50   98   90   85

# proc number 2

2 :  135  134  128  190  188   20   11    7   56   88

# proc number 3

3 :  171  153  179  151  196   71   32  125   27   59   31    3

# proc number 4

4 :  197  183  184  168   61  140  127   43   86   73    4   58   48

# proc number 5

5 :  103  148  191  156  118   36   51   13   40   24   87   21   70

# proc number 6

6 :  165  162  157  123  193  111  121  110  167   83   62   39   45   30   12    0   60  120   99   63

# proc number 7

7 :  194  195  152  143  182   92   69   17   35   28

# proc number 8

8 :  141  161  133  169  172   37   84    8   33   82   95    1

# proc number 9

9 :  185  154  175  178  173  150  145  117  130   46   15   49   16   14   79   80

# proc number 10

10:  144  164  124  112  109  180   66   52   10   38

# proc number 11

11:  137  142  132  126  108  186  174  177  105   81   41   18   68

# proc number 12

12:  113  176  136  106  189  116  100  187   94   55   19    5   97   76

# proc number 13

13:  199  163  122  159   93   29    2   91   78   67   42

# proc number 14

14:  170  149  119  114  129  181  166   22  101   34    6   25   89   64   96   44

