15

# proc number 0

0 :  302  110  211   86  372  129  387  342  315  339  243  316  235   46  114   85  215   32   28   25   17  144  202  116  126  381

# proc number 1

1 :  318  310  270  238  180  151  345  332  384  374  370  358  317  312  350  273  120   60   51   73   33   42  153   22   19  164  156  157  136

# proc number 2

2 :  282  242  228  233  396  354  355  109  309  338  283  267   61   44  224   40  132  123   53   15  166

# proc number 3

3 :  262  363  314  323  280  250  187  133  148  199  195  150  173  168  385  365  360  393  368  284  299  111  222   57  327   49   29   20  214   23   64    5  194  175    8  107   75  186  177  176  147

# proc number 4

4 :  351  260  212  209   83   69  207  149  131  128  388  320  398  378  343  347  313  344  331  100  275   65   89   27    4  104   82   10  155  200   95    1

# proc number 5

5 :  329  256  279   71  105  219  311  330  326  272  295   78  213   99  286  244  266   36  121  179  178  369

# proc number 6

6 :  192    9  258  220  152  395  303  293  101  285  255  254   87   76   58   80   59  223   31   13    3  392  380

# proc number 7

7 :  274   96  231  226   92  229  196  159  119  117  377  277  232  112   26   52  348  191   14   63    6    2  145   84

# proc number 8

8 :  376  324  296  249  247  239  125  171  138  292  216  333  118  201  335   39  251  174  172  154  142  102  204   24  115

# proc number 9

9 :  383  328  290  103  221  130  210  386  357   98  353  346  382  288  257   48   62   16  161   54   43    7  184  198  137  167

# proc number 10

10:  341  263  261  241   97  218  397  389  336  308  304  298   55  264  307   68   37   72  193   11   74

# proc number 11

11:  305  300  281  269  248  122  234  227  208   77   21  141  108  203  375  399  362  371  361  322   90   70   45   41  183  134  163  124   94  185  188    0  158

# proc number 12

12:  349  291  271  259  252  394  367  366  364  334  301  379  325  268  205   91  337   56   38  143  113   12  197  190  127

# proc number 13

13:  340  278  140  240  289  139   67  160  359  319  294  306  287  276  236   35   50   34   18  162   93  391  189  165

# proc number 14

14:  297  253  230  225   88  217  169  206  170  181  373  321  390  356  352  246  265  237   81   66   47   79  245  182   30  135  106  146

