2

# proc number 0

0:  198  185  197  195  183  154  149  164  141  157  134  129  137  132  126  124  113  190  178  173  168  160  155  117  122  118  112   59  108  106   54  116   39  110   47   46   26   37   34   32  109   75   49   31   20   29   16   25   13    8   10   14    5   89   72   51   45    4    3    7    2  171  166  153  148  143  136  131  125   90  105   88   86  104   78   73  101  186  179  174  177  169   68  163  156  172  159   70   63   50   58  102   53  180   44   38  100   28   48

# proc number 1

1:  194  165  162  175  161  170  144  152  147  142  138  135  128   61  130   93  199  123  184  121  150  119  114  145  139   83  133  127  115   66   65   92   71   52  111   41   27   22   94   81   69   62   55   43  107   36   15   17   23   19   11   97   84   77   64   57   40   35   30   24   18   12    6    9    1    0   91   96   99   98   95  103  193  188  181  176  158   82   87   80   79   74  191  196  189  182   60   76  120  151   67  167   56  192  187   33  146  140   42   21   85

