2

# proc number 0

0:  234  211  244  240  281  236  223  291  189  262  199  184  186  182  226  180  179  164  159  289  283  264  228  163  170  192  120  168  212  252  216  195  161  297  290  258  257  238  237  110   98   90  217  220  198   75   51   49  177   67   68  176   47   52   44   29   46   26   37    9    2    0  135  162  139  132  130  152  278  137  259  241  117  111  113   95   97   76   78   73  100   58  183   45   10  153  279  160  141  123  243   40  106  104   70   66  188  156   33  165  127   72  167   53   22   34   17   30  129   19   94  134   57   77   59   25   16   41    8   13  154  280  263  265  227  249  191   36  269  140  118  101  273  151  294  296  121  171   85  255   63  193  275   43   11  145  147   21   65  128  105  126

# proc number 1

1:  207  299  187  298  268  260  248  267  214  225  213  202  133  178  221  242  204  172  285  245  201  206  190  247  209  173  157  284  266  250  166  230  194  174  158  287  270  232  293  295  277  272  274  254  256  235  276  219  175  155   83   15  144  218   69   79   50  196  239   89  200  197   27   24   20    7  181   31   12    5    3  222  203  122  131  185  115  109  119  102   93   91   84   71   81   64   54   60   62   56  261   42  224  143  125  205   88   38   86   48   35   28   14  146  108   92   55  148  150  112  114   96    4  136  116   74   39   32  169   99   80   61  288  286  282  271  246  292  208   18  253  229  251  233  231    6  138  210   82  103  142  124   23   87  215  107  149    1

