2

# proc number 0

0:  324  383  329  351  363  328  323  318  314  310  296  302  300  282  262  289  280  270  256  258  253  269  259  249  242  372  234  241  228  229  212  227  211  103  226  187  239  231  220   92   67   39  221  217  216   60  386  388  394  384  366  373  362  374  377  354  332  346  343  320  322  312  344  311  331  292  304  309  319  288  285  283  277  251   46   35  246    9  243  213  125   86   65   56  232  224   33   38   26  209  199  254  195  171  181  170  168  389  367  357  339  336  326  151  222  150  330  223  138  128  141  295  109  286  131  206  108   87  101   91  316  307  205  201  382  350   68   90   80   79   72  338   50  370  337   42   41   19  202   30   32   16   24   14  391  182  172  153  142  113  102  198  214  359  183  174  197  185  369  162  176  164  154  144  123  147  124  116  114  106  137   85   84   75   64   12    8  200  188  167   23  158  126  157   10    2  146   11  348

# proc number 1

1:  349  376  297  291  281  341  305  340  278  252  274  261  290  279  271  263  240  247  260  248  238  250  233  219  140  218  230   96   71   45  192  207  225   83   69  169   47   55  203  399  397  395  385  375  365  345  361  364  356  355  353  342  334  333  321  313  301  335  303  325  315  293  299  284  306  294  273  287  272  264  268  267  276  257  265  255  237  180  148  245  133  236  275  122  235  210  110  105   88   97   77   76   66   57   48   49   25   37   18   36   21  196  173  160  266  208  396  387  378  398  371  360  352  308  347  159  152  149  139  130  129  117  118  119  111  298  100   99   98  120   89  112   78  244  317  379  368   81   73   70  393   61   58   59  390   51   52   62   44   29  215   40   27   34   28   13  327   31    5   17   15  381    6   20  392    7    4  191  161  132  121   93    3  194  193  358  186  380  184  177  175  163  143  155  135  165  156  134  145  127  107  115   82  136  104   95   94   54  204   74   22   53    1   63   43    0  190  179  189  178  166

