3

# proc number 0

0:  183  170  165  162  149  144  128  129  124  113  199  184   61   93   54  160   65  145  115  108  193  188  181  176   83  171  158  153   59   22   81   62   47   52   49  110   34   36   27  101  191  174  169   31  167   17  156  151    5   16    6   24   13   74   60   56   38   33   80   58   76   53   48    1  159   63   21

# proc number 1

1:  198  195  194  138  175  157  152  147  137  141  134  126  114  130  190  173  150  139  127  112  111  109  122   92  148  106  104  107  102  116   66   71   75   69   46   39   55  105   37  189  187  186  182   23  163  100   15   89   77  146   64   51   45   35   18   10   79   68   50   44   14    3   28   12    2   96   82   73  140   67   98   90   70

# proc number 2

2:  161  185  197  164  154  142  135  119  123  132  121  178  168  155  118  133  117  103  166   94  143   43   32   41  196  192  179  177  180  172   29   26   97   84  136  131   72   57  125   40   20   11   25   19   30    8    4    0   91   86    9    7   99  120   88   95   87   78   85   42

