3

# proc number 0

0:  324  363  341  305  340  282  262  300  263  258  261  247  212  250  248  211  226  230  210  140   96  209   47  192   46    9  122  105  216   76   65   77  199  196  152  173  150  117  128  151  118  129  109  131  120  108   79   70   81   62   61   50   37   36   29   27   31   42   28   24   23   18   22   15  172  161  142    3  197  176  164  143  155  386  394  388  364  362  365  371  356  347  321  319  313  304  315  308  293  288  295  277  294  272  273  268  243  267  255  276  245  232  224  135  222  214  186  145  204  177  188  382  390  202  338  114  104  127  381  137  124  136  107   94   85  157   75  146   84  126  106   11    2  190  166  369

# proc number 1

1:  328  383  372  351  349  323  296  310  302  291  280  278  274  270  269  259  249  252  241  234  238  231  242  227  221  219  220  103   83  225   92  206  133   88  187  148  110   86   66   45   21  171  195  170  168  160  139  130  138  119  111  141   89   57  112  101   91   90   87   59   73   52   39   49   35   25   41   34   32   14   13    6    5   19   20    4  182  153  162  175  163  156  154  399  361  354  377  378  352  332  333  335  331  330  322  312  326  317  311  316  299  292  287  307  264  257  275  237  205  215  254  379  368  167  370  134  337  147  123  116  115  380   95  179  178  189   74   63   53  348

# proc number 2

2:  376  329  314  318  297  256  281  289  279  290  271  253  240  260  233  229  239  228  217  218  208   71   69   67   55  207   60  180  169  125   97  159  149  181   99  100   98   80   78   68   72   56   58   48   40   33   51   38   44   26   30   17   16  191  193  213  183  194  185  132  174  121  184  113  144  102   93   82   64   12   10    8  203  397  375  396  395  373  385  387  398  384  374  389  366  355  367  353  346  345  360  342  343  344  357  334  339  320  325  336  301  309  303  306  283  284  298  285  246  265  251  244  236  266  235    7  198  201  393  200  165  158  392  223  286   54  350    1  359  327  358    0   43  391

