3

# proc number 0

0:  299  236  225  187  268  178  260  242  172  214  289  283  264  161  266  206  230  290  287  252  194  166  170  174  120  297  218  220  183  160   79  165   46   24   89   44   26   47   68    7    0  130  111   73  261  246  286  271  188  169  135  115   38   40  208    5  117   81  104  251  231   12  146  106  127   70  108   66   53   45   30   25  233   28  193   34   17  148    6   74  136  124  121  116  101  171  103   87   39   43    1

# proc number 1

1:  298  267  244  234   15  281  248  262  245  199  223  226  201  228  204  184  186  209  168   83   69  163  157  190  133  250  158  272  270  232  212  254  110  195  274  295  258  256  257  176  177  181  239  200  278  259   27   52   37   29  162    9  132  109   93   54   56  153  280  279  229  224  210  156   35  288  269   33   14  151  292    3  273  255   95   58   97  139  137  119  100  123  143  253   86   88  215  191   84   48   72   19   18  114    8  138  126   82  105   65   16  128  149

# proc number 2

2:  207  240  211  213  291  202  180  285  159  221  189  247  179  182  284   90  235  216  192  217  175  164  293  173  277  276  237  238  219  197  196   98  198   75  152  241  222  203   50   20  185  155  154   67  144   51   49  122   91   71  243  282  265  263  227   31  249  167  205  131  294  113   10  296   76    2   78   60  141  125  102   64   62   92   22   42   55  129  150  134  112   94   11   57   36   32   13    4   96  275  142  145  140  118  107   99   80   85   77   59   61  147   21   63   41   23

