4

# proc number 0

0:  195   61  194  175  134  129  184  144  178  193  188  181  176  166  143  109   66  130   65  118  131   46   27   22   94   49   11   10   36   14    5   89  105  189   57  169   40  100   30    3    1    0   98   88  125  120   78   95

# proc number 1

1:  198  113  161  137  173  160  150  145  126  171  158  112  106  104   71   52   81   75   43   41   29   20   31  116  186  179  196  182   64   45    9  163  192  187    2    4   76   60  140   73   48   42

# proc number 2

2:  128  162  183  164  157  168  147  155  142  114  117  103  148  133  111   93   47   37   32  107   69   62  122   55   23   15   16  110   25   19   97   77   72  191  177   51  174  151   12    7    6   86  159   79   68   87   67   50   85   58   21

# proc number 3

3:  185  197  165  170  138  141  199  154  123  152  149  190  139  119  132  121  108  135  115   83  153  127  136   92  124   54   39  102   59   26   17   34   13   84  101  156   35   24   18  172  180  167    8   91   96   99   82  146   90   74   80   70   63   56   53   44   38   33   28

