4

# proc number 0

0:  376  305  363  349  318  282  351  340  269  262  270  260  249  247  240  238  229   71  217   60  218  133  213   76   86  211   77  212   56  152  149  195  181  139  130  396  385  367  362  353  389  361  365  371  364  352  345  357  335  313  331  317  312  309  308  299  272  257  273  243  237  100   99  316  205   89   70   68   91   72  191  161  132  102  382  193  183   44  295  162    5  266  381  143  144  107   74  380   32    8  197  115  337  223  327   10  158  179  166

# proc number 1

1:  297  281  296  289  258  140  103  310   39  259  169  248  239  233  234   67   92  230  220  219  105  148  216  209  170  168  210  208  207  160  141  203  398  388  394  387  384  356  355  343  342  334  303  301  277  265  306  131  245  224  215  236   18  275  111   38  120   78   81   73   58   41   33   52   30  172  153  113   82   64   17   62   54  154  194  134  163  104  124  338   95   23   12  359    6  188  176  165  127  116   11   63  391    1  137  190  189

# proc number 2

2:  324  329  291  341  314  302  279  274  290  271  261  256  263   69   96   83  221  192   35    9  180  242  122  110  225   88   65   57   36   21  199  196  171  159   98  128  118  151  399  397  375  374  366  373  346  336  332  325  304  288  315  294  283  264  287  246   59   90   80  214   50   40   31   27  204   28   61   16   19   22   15   42    4  182  142   93  393  174  184  135  368  114  350  392   84   34  200  186  185  167  358  164  156  146  348    2  178

# proc number 3

3:  328  383  278  323  300  252  280  187  253   45  227  228  250  372  241   55  226  231   47  125   97   66   48   49   46  150  138  173  117  108  386  395  378  377  354  360  344  339  320  347  333  321  322  330  326  319  311  293  292  285  284  268  267  298  129  276  255  206  119  109  251  254   87  232  222   79  112  101   51   26   25   37   14   29  244  121   53   24  201  390  235  379   13  370    3  307  175  202  155  123   85   94   75  369   43    7   20  198  177  145  147  286  157  136    0  106  126

