4

# proc number 0

0:  207  299  260  234  213  223  214  204  187  283  184  245  170  166  168   90  284  266  256  239  218  177  165   51   31  162   27   20  152  222  167    0  292  263  246  249  294  151  144  109   71   56   54   33   10    5  251   76  115   97  117  253  255  125  119  146  106  104   88   99   72   55   59   61   39   36  138   63   21  126   43   23   16  147   65  128  149

# proc number 1

1:  281  240  236  202  221  199  201  189  133  186  180  172  179  264  247  120   46   37  161  157  270  272  232  258  220  198  194  181  176  174  183   52  241  185  132  153  265  288  227  130  122   73   14    9  131  210  113   58   19    2  137   40  271  100   81  143  148  129  112   86  108   96   48  136  215   32   77   18    6  140  118  121   13   11  124  145  107

# proc number 2

2:   15  242  211  285  178  209  206  163  190   83  290  287  254  257  252  238  217  219  212  277  175   98  155   75   67   47   89  154   68  160  156   44  259  203  282  279  286  224  280  208  188   93  296   35  191   95   38   78   22   42   25    7  150  139  134  102   64   45  127   66  171   28    4  114   92   30    8   53   34   82   41    1  103  105

# proc number 3

3:  298  268  248  244  225  291  159  289  182  267  262  226  164  228  158   50   69  295  293  276  250  230   79  274  297  235  216  237  200  197   49  192  196  195  173  110  278  261  243  205  169   91  275   29   26   24  229  111   17   12  273    3  269  231  135   60   62  141  123   84   94  116   80   70   74   57  233  142  101   85   87  193

