5

# proc number 0

0:  60  33  38  57  34  80  12  49  66  86  90  65  84  48  55   4  15   2  44  72  27   1  21   7  19   0

# proc number 1

1:  88  20   5  42  94  77  73  68  75  61  92  83  67  59  76  46  40  39

# proc number 2

2:  31  18  89  96  53  74  32  47  41   8  43

# proc number 3

3:  85  26   6  35  70  98  64  99  87  62  52  24  93  23  29   3  28  14  36

# proc number 4

4:  25  54  56  91  82  63  58  51  79  71  78  97  95  81  69  50  11  30  17  16  10   9  22  45  37  13

