5

# proc number 0

0:  268  242  236  178  262  201  163  159  158  289  157  250  209  195   69  235  175   98   75  155  276  274  256  238  239  198   44   67   47  176  132  156  122  278  222  203  167   17   20    7  131  288  249  141  269   86   96   77   64   48   53  116   34  118  103   65  126  128    1   63  105

# proc number 1

1:  234  213  211  248  291  283  270  266  247  232  230  192  190  186  173  170   79  290   89   68  196  164  197   50  257  279   56  113  154  280  265  135  251   97  119  104   78  129  150  127   94   70  136  253   18   13  275   39    6  138  101  140  142   43   87

# proc number 2

2:  299  298  244  225  267  221  285  187  264  284  199  216  182   15  184  212  206  168   46  110  217  293  166  220  200  183   27   37  165   31    0   91  162  111   54   33   24   73  152  259  243  241  205  185  188    3  292  273  263  227  169   76  255   62   40   12  143   22  134   42   28   30   25  294   16   85  145

# proc number 3

3:  281  240  260  287  179   90  194  120   49   51  161  272  295  237  219  144  277  177  258  153   52   93   71   29  286  282  246   10   58  151    5  139  117  102  210  231   84  271   81  125  106   88  112  114   74  215  233   55   57   80   61   82   41    8  121  171  124  107   21

# proc number 4

4:  207  223  214  202   83  189  204  172  245  180  228  252  226  174  133  254  218  297  181  109  130   35   26  261  224   14  160    9   95   38   19    2  137  123  115   60  100  229  148  146  108   92  208   45  296   66   32   11  193   72   59    4  191   36   99   23  147  149

