5

# proc number 0

0:  161  194  149  157  135  184  129  178  126  160  181  131  109  191   65  110  163   54   92   52   37   55   26   17   49   97    2   51    7   56   88   99   80   98   73   38   70   63

# proc number 1

1:  162  128  154  197  173  114  133  108  111  121  118  153  106  143  104   83   61  107  101  182  180   93  174   41  120  140  167   15   20   89   77   19   57   45   14    9   96   68   82   50   95   87

# proc number 2

2:  170  147  142  141  138  113  130  145  123  148  136  112  192  179  172  169   71   81   13   16   72   64   35   30   12  100   74   67   48   76   33

# proc number 3

3:  198  185  144  175  199  155  150  139  122  188  171  166  158  186  196  177  156   66   39   59   94   75  146   43   36   29   25   23   11    5   24   10    3   18  105   86   79   60   58   53   42   28

# proc number 4

4:  195  165  183  164  152  137  134  190  168  132  119  127  117  124  115  116  103  193  176  102  189  187   47  151   32   46   34   27  125   22   69  159   62   31    6   84    8   40    4    1    0   91   90   85   78   44   21

