5

# proc number 0

0:  341  305  261  259  271  253  225  140  187  216    9   56  160  159  138  203  397  394  345  398  365  356  346  332  320  334  283  331  313  315  298  272  347  273  267  251  246  232  317  224  215  255  100  120  112   90   73   70   52  205   30   42    4  182  382  393  381  392   82  338  193  174  369  143   53  184  135  114  185  164  127  286   12  115    0  391  147  137   74   63

# proc number 1

1:  297  323  262  300  290  289  274  247  241  234   71  219  220  192  217  218  122   83   76   69  209   92   39  170  149  150  399  395  362  374  378  342  354  322  304  325  306  243  287  119   98   68  223   50   46  214   37  202   51   38   32   27  172  153  121  201   19  358   93   13   22  175  163  155  295   75   24  176  188  337  189  158

# proc number 2

2:  349  383  256  291  281  314  249  233  238  231  228  230  125   88  208   67   33  213   47   45  210   55  207   65  196  195  171  152  388  385  396  387  375  373  377  352  335  339  321  312  319  299  293  285  284  268  151  264  257  275  237  236  139  266  129  222  117  235  101   91   89   61   29   41   28   20   18  379  359   15   17  113  123  348   54   10  194  124  107  197  165   11  190  157    1

# proc number 3

3:  329  363  351  340  296  310  260  263  252  239  229  226  133  169  212  148  103  211   86   66   60   49  372   21  199  206  181  384  367  355  389  336  333  326  309  308  303  294  330  277  245  276  130  118  109  108   99   78   59   62   34  191  132  390  370  368  102  380  350  162   43   14  104   95   94    6   85  156  106    7   84   23    8  179  177  167  166  136    2  146

# proc number 4

4:  328  324  376  282  318  302  280  278  258  279  269  270  248  250  227  240  242  221  180  105  110   97   96   77   26   48   57  173  168  386  366  361  364  353  311  371  301  292  360  344  343  288  357  265  254  128  244  111   87  141  316  131   80   79   58   72   40   35   81   44   36   31   25   16  161  142   64    3  183  154  134    5  144  145  116  200  204  307  198  186  178  327  126

