6

# proc number 0

0:  165  162  129  123  199  184  133  117  115  112   93  171  158   41  101  186  179  156  148  146   69   64   50   14   88   24   12   42   38    4   76

# proc number 1

1:  161  154  183  138  144  142  168  130  139   54   47  103  106  104   71   46  189   22  163  192  187  180   62   49   34   36   26   32   13    5   89   72   11   91   79   68   10   30  125   96   48   33   95   90    7   70   63   85

# proc number 2

2:  149  157  128  121  113  160  150  111   66  110  177  153   75   27   25   20   23   97   84   57   51   45   40    6    0   35  131   60   16   53   18  120   28

# proc number 3

3:  198  195  141  170  147  134  176  127  122  116  107  105   65   59  196  172  140   55   19   15   86   44    9    8   58   80

# proc number 4

4:  194  185  164  119  137  190  145  114  124   83  109  108  118   92   52  191  174  182  169  143  102   94   81   37   77  159   56    2   78   67   99

# proc number 5

5:  197  175  152  132  135  126  178  173  155   61  193  188  181  166  167  151   43   39   31  100   29  136   17   74   82   73   87   21    3   98    1

