6

# proc number 0

0:  20  34  26  12   5  91  92  71  46  69  39  29  15  55  19

# proc number 1

1:  42  79  59  74  90  24   2  22  62  72  45  65  14  37   8

# proc number 2

2:  88  60  18  80  70  66  98  58  53  84  28  50  44  93  43

# proc number 3

3:  31  38  49  56  48  63  41  25  82  77  73  96  89  68  67  52  40   3  21

# proc number 4

4:  85  57  51  47  61  17  30   4  64  99  87  81  76  23  97  13

# proc number 5

5:  33  35   6  32  11  54  86  94  83  78  75  95  10  16   9   1  27   7   0  36

