6

# proc number 0

0:  305  351  296  289  234  253  220  103  386  373  343  292  312  304  284  268  212  277  251  236  294   33   47  395  285  365  133  387  352  347   56  317   77   49  195  382  267  181  170  168  206  152  131  316  129  298   61   81   25   40  183  162  143  114   15   85    6  197  184  164  116  165   74  147   20  137

# proc number 1

1:  383  329  238  249  263  228  225  219  353  322  384  364  216  215  245  180  148  207  346  331  396  378  336  326  235  210  201   86   66   45  199  138  393  213  120  112   99   58   30   31   28  182  161  286  132   13  193  154  194  104   44  155  176  107  127   94   34   17  106   53    7  198  178  190  157

# proc number 2

2:  300  282  259  262   71  252  240  345  366  333  288  217  299   39  192  222  169  273  385  390  118  141  214  109  108  295   50   59  338  101  337   36   91   29   24   16  172  153  202   22  134  123    5  145  266  254  144  167   11  223   43  380  369   84  348  146

# proc number 3

3:  376  340  324  314  281  278  302  310  258  242  229  218   96  399  397  375  388  354  342  334  301  283  293  394  237  243  209   55  232  377  315   65  125  367   97  360   48   26   38   18   21  308  171  255  379  173  370  130  160   98   68   51   41    4  204  174  113   82   54   14  175  115   95  327  186  177  136    0  244  179

# proc number 4

4:  297  291  349  261  269  290  247  271  233  227  239  226   69  211  231  230   60  250  140   83  332  320  311  303  272  264  313  355  344  246  325  309  257  221  224   46    9  122  105  356   76  110  275  208  389  371  357  339  330  150  368  350  359  119  117  111   80   70   72   52   27  191  392   64  381  391   19   62  163   75  156  189  158   23

# proc number 5

5:  328  363  341  323  318  279  274  280  270  372  256  260   92  248  241   67  187  203  362  361  321  374  335  265  319  306  287   88  276  398   57  196  159  205  149  128  151  139  100   37   90   89   87  307   78   79   42   35  142  121    3  102   93   73  185  135  124   32   12   63   10  126  358    8  200  188  166    2    1

