6

# proc number 0

0:  281  207  299  240  234  268  262  202   69  199  247  284  250  293  256  252  195   46  235  166  176  165   37  120  130   20  241  153  113  279  111   93   56  222  203  280   58    2  208  141   60  143  127   40  108   92   74   64  118   80   45   36  282  142   23   21

# proc number 1

1:  298  244  236  221  248  242  182  168  163  206   51  159  283  212  254  297  220  200  183  173  181   89   52   49   27  109   91  278   73  263  188    7  123  102   54   14   12  146  125  148  129   94   96  136  116   13  167   57  155  286  275   43

# proc number 2

2:  204   15   83  172  194  287  274  295  277  276  258  198  175  196   44  110  162   47   24    0  131   71  152  261  246  224  205  139  227   97   42   38   33  106   88   35  112  134  138   61   59   28  249  140  251  193  253  121   11  105  147   87

# proc number 3

3:  267  178  213  260  291  285  189  201  186  184  245  266  174   75  158  270  272  232  257  197  259   95  137  117  185  191  104   84   78  160  169   31   25   72   19   17    4  151  255   82    8  103   34   85  149  215

# proc number 4

4:  211  180  214  179   90  190   79  289  228  164  209  170  192  157  161  239  237  219  218  177  154   67    9   50  132    3   76  243    5   81   86  171   62  150   66  114   53   55   22  101   99  269  265  210   41   39  124   18   63   16   65    1  233

# proc number 5

5:  225  223  187  226  133  264  144  230  290  216  238  217   98   68  122  135  115   29   26   10  119  156  100   77   48   70    6   30   32  292  288  296  271  273  229  294  145  126  231  107  128

