7

# proc number 0

0:  341  291  269  238  248  249  241  220  221  110  216  207   97  375  346  333  339  308  287  285  224  267   25  201   19  205   21  139  109   79   62  153  193  114  102   85  223  197  200  176  116  137  190   63

# proc number 1

1:  278  363  274  310  270  280  187  263  250  212  247   92  122  389  386  364  361  325  292  303  313  319  294  347  251  237  243   27  368  338   29  195  152  150  337  128  120  100  112  254   15  134  104   64  175  167  144  164  136  115    2    1

# proc number 2

2:  329  323  318  290  258  253  240  252  230  242  228  210   71   45  133  397  394  388  384  353  342  312  326  264  232  222  273  266   37  215  265   33   36   28   49  173  159  317   89  160  131   87  245  101   73   42   17  204   23  369   13  191  182  161    3  183  121  286  391  162    6    8  123    0  194  185

# proc number 3

3:  340  289  256  239  219  217   69   60  231   47  105   46   39  332  373  356  355  320  354  352  311  335  293  322  276  268   26  382  393  359  181  117   80   61  381   59   52   40   14  113   82   74  327   54  177  107  166   43  106   12   11

# proc number 4

4:  305  376  281  324  349  259  372  271  262  226  211   67  125  180   55  225  209   66  399  396  385  366  377  345  334  321  344  309  284  213  315  370  170  138  149   98   99  151   90   72  380  392   50   44   34   30    7    4  186  179  158  178  147  126

# proc number 5

5:  297  351  261  296  300  282  234  103  148  227   96   83   65   57  208  206   35   56  203  398  395  374  367  301  299  306  336  360  298  288  357  277  257  246  275  390  350   38  196  130  307  119  118  255  108  111  141   70  348  236   58   51   41   31   22  235   32   18   16   24  154  143   10    5  163  188  155  124   94  127

# proc number 6

6:  383  314  328  302  279  233  260  192  229    9  140  169  218   88   86   77   76  362  387  378  365  343  304  331  371  283  272   48  379  171  199  330  295  214  316  202  168  129   91  358   78   81  244   68  172  142  174  132   93   75   53   20  184  198  165  157  156  135  146  145   95  189   84

