7

# proc number 0

0:  281  244  221  206  283  264   89  192  158  164   71   73   56  168   49   51  256  254  219  277  177  200  203  181  115   95   78   35  279  243  227  171  155  265  210   40   81  119   84   66  143  146  106  156  286  255   30   25   57   53  118   96   82    8   43   21  165   23   18

# proc number 1

1:  299  213  260  204  226   90  186  110   98  170  132  247  228   24   47  293  217  197  195  175  238    2  113  224  205  229   22    5  141  169  102  127   45  292  116  138   99   61  147  294

# proc number 2

2:  211  242  225  214  201  172  291   79  182  109  159   93  163  161   52   54   46   50  173   33  157  290  235  218  196  176  259   26  239   17  153  246  188  208  104  271  251  148  273    6  215   55  121   11  124   85

# proc number 3

3:   69   83  223  202  285  262   75   91   68  130  230  272  154  258  220  222  185   10  160    9   31  183    3  131  261  282  249   62  108  269  129   72   48  233   70   32   19  114   77   59   65   41   13    1

# proc number 4

4:  267  207  248  245  179  184  133  178  120   27   44  252  198  152   20    7   97  191  137  139   86   14   42   12  125   92  288   94   88   74  253   34  136  105

# proc number 5

5:  268  234  187  180   15  240  122  166  111  297  274  250  257  174  162   29  193   60   38  117  150   28  231   36  101  103  145  128   63  296

# proc number 6

6:  298  236  199   67   37  144  190    0  189  289  209  287  284  295  266  270  232  216  212  237  276  194  278  241  135  280  263   76   58  100  123  112   64  134    4  167  140  142   87   39   80  126   16  107  275  149  151

