7

# proc number 0

0:  162  173  145  117  108  115  124  118  110   94  102   81  148   69  186  182   62   43   97   27   23   25   14   33   96   82   78

# proc number 1

1:  197  195  170  165  164  157  154  147  190  123  133   93  106  116  103  193  171  166  151  192   39  172   17   10   30   86  140    9   73    7

# proc number 2

2:  114  113   83  178  160  111  142   61  188  181  143  196  125   89   40   18   12    6   91   60   99   95  187   87   63

# proc number 3

3:  198  175  144  138  168  135  132  109  104  130  107  153   59   46  163   29   36  146   84   72   51   24   68   21   98  100   90   67

# proc number 4

4:  183  141  161  149  119  152  155  150  126   66  122  112   22  191   15   47   37    0   74   80   76  180   42

# proc number 5

5:  185  134  128  139   65  121  127  158  131   71  105  101  174  169  189   49   31    5   64  120  177   57   26   45   13   79   56   44    3   28  159    2   58   53   85   48

# proc number 6

6:  194  137  129  199  184   92  176  136   75   54   52   41  179  156   32   34   55   77   20   16   11    8   19  167   35   50   38    4   88   70    1

