7

# proc number 0

0:  88  79  77  31  78  97  48  35  47  32  14  72

# proc number 1

1:  60  57  54  71  20  81  42  25   5  41  46  39  44

# proc number 2

2:  73  38  68  92  99  67  76   6  10  30   4  16  15  37  27  19   7   0

# proc number 3

3:  63  70  66  83  74  52  65  50  26  18  11  29  28  43

# proc number 4

4:  85  33  58  56  86  89  64  93  40   9  21   1  36

# proc number 5

5:  80  98  94  91  49  61  75  96  87  59  95  62  55  17  23  22   8   2  13

# proc number 6

6:  82  53  34  51  90  84  69  12  24   3  45

