8

# proc number 0

0:  281  234  211  226  213  264  184  237  295  257  192  196  183  122  111  135   97   73  261  286  208   24  162  191   40  119   10  253  146  134   92   45    8   85  171   65   21

# proc number 1

1:  207  236  223  172  284  168  270  166  290  256  175  197  174  160  153  181   75   71   27   68  280  263  265  246   78   35   58  104  148  108   34   61    6   39  128   36

# proc number 2

2:  187  242  262  163  157  180  206  232  195  254  235  198  176  110   29    0  109   91  113   56   54  222  288  224  169   38  117   62  143  275  249   14  229  136   55   16  142   59  118    1

# proc number 3

3:   20  225  214  285   15   69  202  178  283  230  186  209  276   79   98  154  156   47  132    2  294  167  139   64  210   28    4   99  273  255  101  147  149

# proc number 4

4:  299  248  245  159  250  189   83  247  199  190  287  272  218  217  200  144    3   44  278  203   26  185  271  269   81  102  114   77   66   53   32   11   74  140  145  296   18  105

# proc number 5

5:  240  221  204   50  194   37   46  161  164  293  115   52   31  243   12  205  292  188  151   95   76  129   19   72   80   82  121   63  126   41   23  124

# proc number 6

6:  298  267  268  289  201  266  179  252  274  277  173  177  155  120  165   49   89    9   51   93  131  259  279  241  227   60   17   22    5  100  251  123  106  127  150  231   88  112   86  116   70   96  193   48   30   13   57  138   43  103

# proc number 7

7:  260  244  291  182  228  212  170  158  216   90  238  219  297  258  239   67  133  220  130   33  152  282  137   42    7   25  233  141   84  125   94   87  215  107

