8

# proc number 0

0:  349  278  227  328  270  233  259  310  290  103  229  221   39  250   45  212   60  148  133  171  128  139  129   99   77   26   65   70  384  377  374  367  360  356  309  299   38  347   14    5  246   51  182  172  161  132  255  183  244  200   94   74  126  106  190  392  390  358  348  381  338

# proc number 1

1:  324  323  296  240  300  238  242  225  220  213  130  152  112  109   57   89  396  354  364  294  317  264  295  235   40    7   29  153   54  307  163  188  147  157

# proc number 2

2:  383  314  297  376  258  253  289  280  271  226  218   92   35   18   16    9  187  170  141   87   68   80  101   15   50   49   48  386  361  352  336  333  331  311  306  298  284  236  232   41   12    4  113  223   93   82   64  198  286  197  143  167  145  135  107  137  379    1  327

# proc number 3

3:  329  341  340  291  282  262  256  192  239  140  372  119  108   66   62   55  388  387  371  343  357  344  339  304  308  272  251  243  285   19    6  186  164  123  136   95   10

# proc number 4

4:  363  269  252  249  248  211   83   33  234  231   71  210   67  169  122   21  105  196  208  100   73   61   58  365  389  353  334  312  303  315  268  273  245   23   22  215  191  121  204  176  124  127  116  104  165  179    2  370   63   84

# proc number 5

5:  274  305  228  261   96   69  217  230  209  180  207  199  173  138  159  117   76   91  385  398  355  378  342  325  326  321  320  322  292  277  265  287   42   44  267   34   24   20   53   43  316    3  214  184  177   11  254  175  144    8    0  178   85  189  201  393  369

# proc number 6

6:  302  279  263  260  247  241  219  216  125   88  110  151  120  118  111   98   90   86   79   46   56   27   52   13   37  203  394  375  373  366  335  313  301  319  283  276  275  224  266  222   32   28   31   17  142  174  194  162  185  155  156  154  134  115  114   75  368  380  166

# proc number 7

7:  281  351  318   47  206  195  202  181  168  150   97  160  149  131   78   72   81   36   25   59  397  399  395  362  346  345  332  330  293  257  237  288   30  102  205  193  382  350  391  359  158  337  146

