8

# proc number 0

0:  31  51  94  76  12   6  25  84  46  39  21   7

# proc number 1

1:  82  79  73  83  52  95  97  17   9  22

# proc number 2

2:  63  35  77  58  75  96  78  62  90   5  93  41  72   4  15   1

# proc number 3

3:  33  85  60  54  98  70  64  61  59  53  87  81  74  65  32  40   3  14  37  13

# proc number 4

4:  88  80  49  50  42  18  47  30   2  45  44  19  43

# proc number 5

5:  38  34  56  99  92  67  48  24  23   0  36

# proc number 6

6:  66  86  71  11  27

# proc number 7

7:  57  91  68  89  69  55  26  20  10  29  16  28   8

