8

# proc number 0

0:  185  184  141  132  130  108   66   37   65   32   94   55  107   89   51   40  176   24   79   13   78   12   76  101  186  172  151

# proc number 1

1:   61  134   93  121  115   83   15  111   41   69  106   72  158  105   28  179  187  163  146    7   48

# proc number 2

2:  144  139  114   54  123   49   36   45   20   30    0  143  136   56  125  102   96   21   67  196  192  159

# proc number 3

3:  199  173  161  160  147  150  119  142  135  117  122  118   27   22   52   84   34   25   23   11  103  166  153  131  120   50    8   88   95   87   53   18  177  180  174

# proc number 4

4:  194  197  165  183  157  128  168  155  145  126  133  116   47   75   62   17    5   57   29   74   73  167   63    9  156   98  100

# proc number 5

5:  170  113  178  124   71   43  110   26  109  104   64  148    4    2  189  182  169

# proc number 6

6:  198  175  162  154  152  138  149  129  112   39   92   46   81   97   31  188   14  171   35    6   91   60   82   58   80  191    3   85  140

# proc number 7

7:  195  164  190  137  127   59   77   19   16  193  181   86   68   44   38   33   10   99   70    1   90   42

