9

# proc number 0

0:  80  86  58   6  68  90  72  48   9

# proc number 1

1:  77  79  71  62  35  52  50  18  19  13

# proc number 2

2:  94  89  95  81  74  84  32  11  47  10   4   2  36

# proc number 3

3:  60  56  82  61  12   5  97  41  23  21

# proc number 4

4:  34  76  65  30  24  40   8   7   0

# proc number 5

5:  31  98  38  64  83  69  17  46  39  44  93   1  27

# proc number 6

6:  88  54  73  66  92  67  42  37

# proc number 7

7:  57  91  25  55   3  43

# proc number 8

8:  63  85  70  33  20  53  51  49  75  96  59  78  26  99  87  16  45  29  15  22  28  14

