9

# proc number 0

0:  328  383  302  289  291  269  270  234  366  384  377  364  352  216  148   48  125   38   35  151   50  183  104   53   44  381  350  157   43    2  147  106   95   84  223

# proc number 1

1:  324  296  256  249  219  207  242  180  220   83  203  354  333  395  387  378  326  317  245  187   66  159   73   68   15  286  191  182  154  123  194  175  167  204  158  146    1  369

# proc number 2

2:  305  297  274  279  271  258  212  253  248   92  230  375  353  365  355  343  303  331  330  304  301  293  257  288  232  122  224   67   65   55   16   27  150  141  100  101  276   91   81  393  390  370  338  156  155  198  186   63  145   10  178  127

# proc number 3

3:  329  282  261  263  262  259  250  386  373  362  334  335  322  321  319  315  208  339  336  222  277  213  206  105  169   71   25   28  138  130  131  108  120   78   58  132  275  391  327   23    7    5  177  165  116  126

# proc number 4

4:  376  349  341  318  310  290  281  280  239  228  226  140  231  211   96  394  388  361  312  209  398  292  309  284  272  251  294   69   45  202   88  255   76   97   47  199  254  196   80   52    8    6    3  176  266  358  163  136  107    0

# proc number 5

5:  363  314  340  323  278  247  240  218  217  345  342  389  360  308  306  110   29  287   19   21  236  160  149  215  129   89   70   20   13  174   75   11   74   64   34  201  200  197  144  137  190  166

# proc number 6

6:  233  344  320  325  371  264  299  225  265   37   86   77   33   18  295   57  128  195  181  205  117   59   62   51   40  121  113   93   82   85   54   32  392  359  185  348  135  188  124  179   94

# proc number 7

7:  351  260  241  227   39  238  372  332  313  356  311  346  367  347  283  268  273  243  133  267   36   26  168  109  119  111  214   99   98   79   90   72   41   22   24    4   14  193  153  162  143  114  382  379  337  380  184  164  115

# proc number 8

8:  300  252  229  221  192    9  210  103  399  397  374  385  396  357  316  246  307  237  285   60   56  298   46   49  171  170  173  152  139  118   87  112   61   17   31   30   42  172  161  142  244  102   12  235  134  368  189

