9

# proc number 0

0:  211  264  290  284  295  238  279  259  181  280  265  120    0  294  109   68   56   17    3   40   42  125   11  145   65

# proc number 1

1:  281  242  252  195  258  200  153  243  165  292  275  193  132   44   67   52  271   31  115  100  141  146  143  123  129  114   94   66  233   28   18   41  128

# proc number 2

2:  291  285  236  223  190  283  163  254  216  176  168  175  156   83  239  205  177  286  130   98   91  231   78   60  119   64  215  148  112   88  296   55   32   34   74   96   21    6  138  121

# proc number 3

3:  298  248  244  245  178  213  199  159  272  220  203  169  133  154  110  160   89   71   50  273   75    9   33   27   95   81  104   77   57   59   82   85

# proc number 4

4:  187  201  182  289  266  230  194  184  276   69  222  224  198  122   47   24  191  113    5   97  117  106    4   72   13    8  255   39  147  103

# proc number 5

5:  234  260  262  204  202  247  164  228  158  157  270  232  209  274  297  256  241  185  167  263  249  253   49   93  251   29   26  139   70   19  150  116   23   63    1   87

# proc number 6

6:  268  240  225  214  250  287  217  186  212  192  170  293  196  155   15  144  257  162  188  282  227  288  111  137   58   38  108   86   48  136   99   80   61   36  105  149   43  126  107

# proc number 7

7:  189  179  226  221  206  237  218  197  277  174  152  278  183  151  246  208   90   51  229   37   54   20  131   62   45   12   30  171   22   53  140  124  101

# proc number 8

8:  207  299  267  172  180  161  235  173  166  219  261  269   79  210   46   73   35   76   14    2  135   25   10    7  102   84  127   92  134   16  118  142

