9

# proc number 0

0:  185  138  108  135  126  109  107  155   92   64  100   98   80   28

# proc number 1

1:  128  144  114  184   65  110  106  103  193  153   46   23   72  192  186  179    7  125    6   53  159   63  146  140

# proc number 2

2:  195  123  130  117  121  160  150  145   66   71  133  131   32   17   69   11   19   35  187   86  174  167   68   48   38  180    4    1   33

# proc number 3

3:  161  194  197  147   61  199  111  115  158   39   27   55   89   84   31   57  182   99   42   95    3  120

# proc number 4

4:  162  157  119  154  124  118  113  178  168  139  127  122  181   20   41   81   13   34   45  189  177  105    0  169   56   44   76

# proc number 5

5:  134  152  173  116  104   59   29   49   36   25    9   79  156   88   73   67   90   87   85

# proc number 6

6:  164  149  137  188  171   94   15   75   16   97   14   40   24  101   96  163   58   50  151   70

# proc number 7

7:  198  175  165  142  132  190  166  143  136   26   52   62   77   51   30  196  191  172   60   82   78   21

# proc number 8

8:  183  141  129   83  170  112   93   47  176   54  148  102   37   22   43   10    8    5   18   12   91   74    2

