100

5028       1  2  3  4  5  6  7  8  9 10 11 12 13 14 15 16 17 18 20 33 38  # job 0

5062       2  3  4  5  6  8  9 10 11 12 14 15 16 17 18 20 33 38           # job 1

4986       3  4  5  6  9 10 11 12 15 16 17 18 20                          # job 2

4951       4  5  6 10 11 12 16 17 18 20 33 38                             # job 3

4976       5  6 11 12 17 18 20 31 33 38                                   # job 4

5015       6 12 18 20 33 38                                               # job 5

5039      20                                                              # job 6

5031       8  9 10 11 12 14 15 16 17 18 20 21 22 23 24 25 26 38           # job 7

5054       9 10 11 12 15 16 17 18 20 22 23 24 25 26 38                    # job 8

4966      10 11 12 16 17 18 20 23 24 25 26 38                             # job 9

5008      11 12 17 18 20 24 25 26 31 33 38                                # job 10

4917      12 18 20 25 26                                                  # job 11

4949      20 26 31 33 38                                                  # job 12

4998      14 15 16 17 18 20 21 22 23 24 25 26 27 28 29 30 32 33 35 38     # job 13

5062      15 16 17 18 20 22 23 24 25 26 28 29 30 31 32 35                 # job 14

5018      16 17 18 20 23 24 25 26 29 30 32 35                             # job 15

5016      17 18 20 24 25 26 30 31 32 35                                   # job 16

4970      18 20 25 26 31 32 33 35 38                                      # job 17

5022      26 35                                                           # job 18

4962      20 21 22 23 24 25 26 27 28 29 30 32 35 36 37 39 40 41 42        # job 19

5120      31 33 38                                                        # job 20

5013      22 23 24 25 26 28 29 30 32 34 35 37 39 40 41 42                 # job 21

5042      23 24 25 26 29 30 31 32 33 34 35 39 40 41 42                    # job 22

5065      24 25 26 30 31 32 33 34 35 40 41 42                             # job 23

5090      25 26 31 32 34 35 41 42                                         # job 24

4984      26 31 33 34 35 42                                               # job 25

4982      34                                                              # job 26

5026      28 29 30 31 32 34 35 37 39 40 41 42 44 45 46 47 48 49           # job 27

4990      29 30 31 32 33 34 35 38 39 40 41 42 45 46 47 48 49              # job 28

5045      30 32 34 35 40 41 42 46 47 48 49                                # job 29

5049      31 32 34 35 41 42 47 48 49                                      # job 30

5050      33                                                              # job 31

5055      35 42 48 49                                                     # job 32

5103                                                                      # job 33

5008      31 33 38                                                        # job 34

5034      34 49                                                           # job 35

4987       1  2  3  4  5  6 31 33 34 37 38 39 40 41 42 44 45 46 47 48 49  # job 36

5003       2  3  4  5  6 31 33 34 38 39 40 41 42 45 46 47 48 49           # job 37

5038      31 33                                                           # job 38

4972       3  4  5  6 34 40 41 42 46 47 48 49                             # job 39

5015       4  5  6 31 33 34 41 42 47 48 49                                # job 40

4978       5  6 34 42 48 49                                               # job 41

4987       6 31 33 34 38 49                                               # job 42

5067       1  2  3  4  5  6  7  8  9 10 11 12 34 44 45 46 47 48 49        # job 43

5004       2  3  4  5  6  8  9 10 11 12 31 33 34 45 46 47 48 49           # job 44

5027       3  4  5  6  9 10 11 12 31 34 46 47 48 49                       # job 45

5034       4  5  6 10 11 12 38 47 48 49                                   # job 46

5035       5  6 11 12 33 38 48 49                                         # job 47

5008       6 12 49                                                        # job 48

4933      31 33 38                                                        # job 49

5024      51 52 53 54 55 56 58 59 60 61 62 63 64 65 66 67 68 69 70 71     # job 50

5033      58 63 66 70                                                     # job 51

5081      53 54 56 58 59 60 61 63 64 66 67 68 70 71 73 85 88              # job 52

5026      58 61 63 66 68 70 73                                            # job 53

4984      57 60 85 88                                                     # job 54

5059      56 57 58 59 61 62 63 64 66 67 68 69 70 71 73 74 75              # job 55

5053      57 60                                                           # job 56

5027      60 85 88                                                        # job 57

5039      63 70                                                           # job 58

5031      57 61 63 64 66 68 70 71 73 75 77 80 85 88                       # job 59

4970      85 88                                                           # job 60

4994      63 66 70 73 77 80                                               # job 61

5041      57 63 64 66 67 68 70 71 73 74 75 77 78 79 80 85 88              # job 62

5051                                                                      # job 63

5067      66 68 70 73 75 77 79 80 82                                      # job 64

4966      66 67 68 69 70 71 73 74 75 76 77 78 79 81 82 83                 # job 65

4994      57 70 77 80 82 85 88                                            # job 66

4951      57 68 70 71 73 75 77 78 79 80 82 83 85 86                       # job 67

5023      57 60 70 73 77 79 80 82 85 86 88                                # job 68

5059      57 70 71 73 74 75 77 78 79 80 81 82 83 85 86 87 89              # job 69

5012      57 80 82                                                        # job 70

5045      73 75 77 79 80 82 83 86 89 91                                   # job 71

5121      73 74 75 76 77 78 79 80 81 82 83 84 86 87 89 90 91 92           # job 72

5060      57 77 80 82 85 86 88 91                                         # job 73

5029      57 75 77 78 79 80 82 83 86 87 89 91 92 94                       # job 74

5079      57 77 79 80 82 85 86 89 91 94                                   # job 75

5042      57 60 77 78 79 80 81 82 83 85 86 87 88 89 90 91 92 94 95 96     # job 76

5016      57 80 82 85 91                                                  # job 77

5013      79 80 82 83 86 89 91 92 94 96 98                                # job 78

5010      57 80 82 86 88 91 94 98                                         # job 79

5077      57 60 85 88                                                     # job 80

4974      51 54 57 82 83 86 87 88 89 91 92 94 95 96 98 99                 # job 81

5063      54                                                              # job 82

5060      51 54 56 60 86 88 89 91 94 96 98                                # job 83

4962      51 52 53 54 56 60 86 87 88 89 90 91 92 94 95 96 97 98 99        # job 84

5149      88                                                              # job 85

5079      54 56 60 88 91 98                                               # job 86

5054      51 53 54 56 58 60 89 91 92 94 96 98 99                          # job 87

5073                                                                      # job 88

5078      51 54 56 58 60 85 88 91 94 98                                   # job 89

5046      51 52 53 54 56 58 59 60 61 85 88 91 92 94 95 96 98 99           # job 90

4995      54 56 60 88                                                     # job 91

5066      51 53 54 56 58 60 61 63 85 88 94 96 98                          # job 92

5054      51 52 53 54 55 56 58 59 61 62 63 64 94 95 96 97 98 99           # job 93

5039      54 56 58 60 63 85 88 98                                         # job 94

4913      51 53 54 56 57 58 59 60 61 63 64 66 85 88 96 98 99              # job 95

4987      51 54 56 57 58 60 61 63 66 85 88 98                             # job 96

5054      51 52 53 54 56 58 59 61 62 63 64 66 67 68 98 99                 # job 97

5065      54 56 60 63                                                     # job 98

5032      51 53 54 56 58 60 61 63 64 66 68 70 85 88                       # job 99

