200

4994       5   6  11  15  17  22  65                                                                  # job 0

5065       2   3   4   5   6   7   8   9  10  11  12  13  14  15  16  17  18  19  20  22              # job 1

5074       5   6   8  11  13  15  17  20  22  65                                                      # job 2

5007       4   5   6   8   9  10  11  13  14  15  16  17  19  20  22  23  61  65                      # job 3

5004       5   6   8  10  11  13  15  16  17  20  22  23                                              # job 4

5016      15                                                                                          # job 5

5074      11  15  17  26                                                                              # job 6

5009       8   9  10  11  12  13  14  15  16  17  18  19  20  22  23  24  25  26  27  65              # job 7

5031      11  13  15  17  20  26  27                                                                  # job 8

4977      10  11  13  14  15  16  17  19  20  22  23  25  26  27  29                                  # job 9

4972      11  13  15  16  17  20  22  23  26  27  29  61  65  93                                      # job 10

5070      15  17  22  26  65                                                                          # job 11

5040      13  14  15  16  17  18  19  20  23  24  25  26  27  29  30  31  32                          # job 12

5073      15  17  20  22  26  27  32  65                                                              # job 13

5045      15  16  17  19  20  22  23  25  26  27  29  31  32  34                                      # job 14

4997      22  61  65                                                                                  # job 15

5051      17  20  22  23  26  27  29  32  34  39                                                      # job 16

4920      22  26  39  65                                                                              # job 17

4986      19  20  23  24  25  26  27  29  30  31  32  34  35  36  37  39                              # job 18

4989      20  23  25  26  27  29  31  32  34  36  37  39                                              # job 19

4932      22  26  27  32  37  39  61  65                                                              # job 20

5072      23  24  25  26  27  28  29  30  31  32  33  34  35  36  37  38  40  41                      # job 21

4997                                                                                                  # job 22

4968      26  27  29  32  34  37  39  41  54  93                                                      # job 23

5039      25  26  27  29  30  31  32  34  35  36  37  39  40  41  43  54                              # job 24

4998      26  27  29  31  32  34  36  37  39  41  43  54  61  93                                      # job 25

5016      39  54                                                                                      # job 26

4962      32  37  39  47  54  61  93                                                                  # job 27

4936      29  30  31  32  33  34  35  36  37  38  39  40  41  43  44  45  46  47  54                  # job 28

4965      32  34  37  39  41  46  47  54  93                                                          # job 29

5076      31  32  34  35  36  37  39  40  41  43  45  46  47  49  54                                  # job 30

5054      32  34  36  37  41  43  46  47  49                                                          # job 31

5015      37  39  47  54                                                                              # job 32

5016      34  35  36  37  38  39  40  41  43  44  45  46  47  49  50  51  52  54                      # job 33

5109      37  39  41  46  47  52                                                                      # job 34

5009      36  37  39  40  41  43  45  46  47  49  51  52  54  55                                      # job 35

5037      37  39  41  43  46  47  49  52  54  55                                                      # job 36

4995      39  47                                                                                      # job 37

5030      40  41  43  44  45  46  49  50  51  52  55  56  57  59                                      # job 38

5045      54  93                                                                                      # job 39

5007      41  43  45  46  47  49  51  52  55  57  59                                                  # job 40

5030      46  47  52  54  59  66                                                                      # job 41

5076      43  44  45  46  47  48  49  50  51  52  53  54  55  56  57  58  59  60  61  62  65  66  93  # job 42

5070      46  47  49  52  54  55  59  62  66                                                          # job 43

4982      45  46  47  49  50  51  52  54  55  56  57  59  60  62  64  66                              # job 44

5110      46  47  49  51  52  54  55  57  59  62  64  66                                              # job 45

5010      47  52  54  59  66                                                                          # job 46

5090      66                                                                                          # job 47

5063      49  50  51  52  53  55  56  57  58  59  60  62  64  66  67  68  69  71                      # job 48

4976      52  54  55  59  61  62  65  66  69  71  93                                                  # job 49

5032      51  52  55  56  57  60  62  64  68  69  72                                                  # job 50

5003      52  55  57  59  62  64  66  69  71  72                                                      # job 51

5035      59  71                                                                                      # job 52

5020      55  56  57  58  59  60  62  64  67  68  69  71  72  73  74  75                              # job 53

5015      61  93                                                                                      # job 54

5060      59  62  66  69  71  75  83                                                                  # job 55

5001      57  59  60  62  64  66  68  69  71  72  74  75  77                                          # job 56

4981      59  62  64  66  69  71  72  75  77  83                                                      # job 57

5012      59  60  62  64  66  67  68  69  71  72  73  74  75  77  78  79  83                          # job 58

5096      66  71  83  93                                                                              # job 59

5026      62  64  66  68  69  71  72  74  75  77  79  81  83  93                                      # job 60

5027                                                                                                  # job 61

5020      66  69  71  75  81  83                                                                      # job 62

5038      64  66  67  68  69  70  71  72  73  74  75  76  77  78  79  80  81  82  83  84              # job 63

5026      66  69  71  72  75  77  81  84                                                              # job 64

5067      61  93                                                                                      # job 65

4968      61  83  93                                                                                  # job 66

5010      68  69  71  72  73  74  75  77  78  79  81  82  83  84  86  92  93                          # job 67

5024      69  71  72  74  75  77  79  81  83  84  86  92  93                                          # job 68

4978      71  75  81  92                                                                              # job 69

5057      71  72  73  74  75  76  77  78  79  80  81  82  83  84  86  87  88  89  92                  # job 70

4961      61  83  92                                                                                  # job 71

4966      75  77  81  84  89  94                                                                      # job 72

4964      74  75  77  78  79  81  82  84  86  88  89  91  94                                          # job 73

5081      61  75  77  79  81  83  84  86  89  91  92  93  94                                          # job 74

5045      81  83  92  94                                                                              # job 75

5121      61  77  78  79  80  81  82  83  84  86  87  88  89  91  92  94  95  96  97                  # job 76

5057      61  81  83  84  89  92  93  94  97                                                          # job 77

5001       0  61  79  81  82  83  84  86  88  89  91  92  93  94  96  97                              # job 78

5031       0  61  81  83  84  86  89  91  92  94  97                                                  # job 79

4987       0   2  81  82  84  86  87  88  89  91  94  95  96  97  99                                  # job 80

4990      61  83  92  93  94                                                                          # job 81

4939       0   2   5  83  84  86  88  89  91  92  94  96  97                                          # job 82

5011                                                                                                  # job 83

5024       5  61  65  89  92  94  97                                                                  # job 84

4907       0   2   3   4   5   6  61  65  86  87  88  89  90  91  92  94  95  96  97  98  99          # job 85

5037       0   5   6  61  65  89  91  92  93  94  97                                                  # job 86

5102       0   2   4   6   8  88  89  91  95  96  97  99                                              # job 87

4974       0   2   5   6   8  61  65  89  91  92  94  96  97                                          # job 88

4983       5  61  65  92  93  94  97                                                                  # job 89

5000       0   2   3   4   5   6   8   9  10  11  91  92  94  95  96  97  98  99                      # job 90

5137       0   5   6  11  94  97                                                                      # job 91

5094      65                                                                                          # job 92

5003      61                                                                                          # job 93

5007      22                                                                                          # job 94

4979       0   2   4   5   6   8  10  11  13  15  22  61  65  93  96  97  99                          # job 95

5051       0   2   5   6   8  11  13  97                                                              # job 96

5005       5  15  22  65                                                                              # job 97

5023       0   2   3   4   5   6   8   9  10  11  13  14  15  16  17  22  65  99                      # job 98

5065       0   2   4   5   6   8  10  11  13  15  16  17  22                                          # job 99

4932     101 102 103 104 105 106 107 108 109 110 111 112 113 114 115 116 117 118 119 128 185 194 198  # job 100

4987     103 106 108 111 113 114 117 119 128                                                          # job 101

5036     103 104 106 107 108 109 111 112 114 115 117 118 119 121                                      # job 102

5007     108 113 114 119 128                                                                          # job 103

5032     106 108 109 111 113 114 115 117 119 121 123 128 185                                          # job 104

5013     106 107 108 109 110 111 112 113 114 115 116 117 118 119 121 122 123 124 128 185              # job 105

5033     108 111 113 114 117 119 123 128 185 198                                                      # job 106

5062     108 109 111 112 113 114 115 117 118 119 121 123 124 126 128                                  # job 107

5042     114 119                                                                                      # job 108

5060     111 113 114 115 117 119 121 123 126 129                                                      # job 109

5006     111 112 113 114 115 116 117 118 119 121 122 123 124 126 127 128 129 130                      # job 110

5039     113 114 117 119 123 129                                                                      # job 111

4996     113 114 115 117 118 119 121 123 124 126 129 130 132                                          # job 112

4969     128 185                                                                                      # job 113

5017     119 128 138 185                                                                              # job 114

4980     117 119 121 123 126 128 129 132 134 138 185                                                  # job 115

5004     117 118 119 121 122 123 124 126 127 129 130 132 133 134 135                                  # job 116

4977     119 123 128 129 134 138                                                                      # job 117

5141     119 121 123 124 126 129 130 132 134 135 137 138                                              # job 118

5020     128 138 185 194 198                                                                          # job 119

5063     121 122 123 124 125 126 127 128 129 130 131 132 133 134 135 136 137 138 139 141 185 194 198  # job 120

5048     123 126 129 132 134 137 138 141                                                              # job 121

4964     123 124 126 127 129 130 132 133 134 135 137 138 139 141 142                                  # job 122

4975     128 129 134 138 141                                                                          # job 123

5048     126 128 129 130 132 134 135 137 138 141 142 144 185 198                                      # job 124

4987     126 127 128 129 130 131 132 133 134 135 136 137 138 139 141 142 143 144 145 185              # job 125

5022     128 129 132 134 137 138 141 144 185 198                                                      # job 126

5058     128 129 130 132 133 134 135 137 138 139 141 142 144 145 147                                  # job 127

5004     185                                                                                          # job 128

5054     134 138 141 161                                                                              # job 129

5042     132 134 135 137 141 142 144 147 149                                                          # job 130

4996     132 133 134 135 136 137 138 139 141 142 143 144 145 147 148 149 150 161 185 198              # job 131

4987     134 137 138 141 144 149 161 185 198                                                          # job 132

5002     134 135 137 138 139 141 142 144 145 147 149 150 152 161 185                                  # job 133

5026     138 141 161 185 198                                                                          # job 134

5007     137 138 141 142 144 147 149 152 154 161                                                      # job 135

5029     137 139 141 142 143 144 145 147 148 149 150 152 153 154 155                                  # job 136

4956     144 149 154                                                                                  # job 137

5010     161 185 198                                                                                  # job 138

5017     141 142 144 145 147 149 150 152 154 155 157 165                                              # job 139

4967     141 142 143 144 145 146 147 148 149 150 151 152 153 154 155 156 157 158 161 165 194 198      # job 140

5133     165                                                                                          # job 141

5020     144 147 149 152 154 157 162                                                                  # job 142

5021     144 145 147 148 149 150 152 153 154 155 157 158 160 161 162 165 194                          # job 143

5029     149 154 162                                                                                  # job 144

5006     147 149 150 152 154 155 157 160 161 162 164 165                                              # job 145

5005     147 148 149 150 151 152 153 154 155 156 157 158 160 161 162 163 164 165 166                  # job 146

5067     149 152 154 157 161 162 164 165                                                              # job 147

5028     149 150 152 153 154 155 157 158 160 161 162 164 165 166 168 185 194 198                      # job 148

4971     154 161 162 165                                                                              # job 149

5011     152 154 155 157 160 164 168 170                                                              # job 150

4992     152 153 154 155 156 157 158 160 161 162 163 164 165 166 168 169 170 171 194 198              # job 151

5029     154 157 162 164 170                                                                          # job 152

5052     154 155 157 158 160 161 162 164 165 166 168 170 171 173 194 198                              # job 153

5000     161 162 165 194                                                                              # job 154

5028     157 160 161 162 164 165 168 170 173 175 194                                                  # job 155

5026     157 158 160 162 163 164 165 166 168 169 170 171 173 174 175 176                              # job 156

5034     162 164 170 175                                                                              # job 157

5013     160 161 162 164 165 166 168 170 171 173 175 176 178                                          # job 158

5000     160 162 163 164 166 167 168 169 170 171 172 173 174 175 176 177 178 179                      # job 159

5068     161 162 164 165 168 170 173 175 178                                                          # job 160

5065                                                                                                  # job 161

4995     165                                                                                          # job 162

5063     164 165 166 168 169 170 171 173 174 175 176 178 179 181 183 195                              # job 163

4948     165 170 175 183 194 195                                                                      # job 164

5084     185 194 195 198                                                                              # job 165

5043     168 170 171 173 175 176 178 181 183 184 195 197                                              # job 166

5021     168 169 170 171 172 173 174 175 176 177 178 179 181 182 183 184 186 194 195 197              # job 167

4947     170 173 175 178 183 184 194 195 197                                                          # job 168

4952     170 171 173 174 175 176 178 179 181 183 184 186 188 195 197                                  # job 169

5023     175 183 195 197                                                                              # job 170

5002     173 175 176 178 181 183 184 188 190 194 195 197 198                                          # job 171

5028     173 174 175 176 177 178 179 181 182 183 184 186 188 189 190 191 194 195 197                  # job 172

4957     175 178 183 184 190 194 195 197 198                                                          # job 173

5026     175 176 178 179 181 183 184 186 188 190 191 193 195 197                                      # job 174

5042     183 195 197                                                                                  # job 175

5119     178 181 183 184 188 190 193 199                                                              # job 176

5017     101 178 179 181 182 183 184 186 188 189 190 191 193 194 195 196 197 199                      # job 177

5061     183 184 190 194 195 197 199                                                                  # job 178

5017     101 103 181 183 184 186 188 190 191 193 194 195 197 198 199                                  # job 179

5051     101 102 103 104 181 182 183 184 186 187 188 189 190 191 192 193 196 197 199                  # job 180

5041     103 183 184 188 190 193 199                                                                  # job 181

4966     101 103 104 106 184 186 188 189 190 191 193 196 199                                          # job 182

4968     195 197                                                                                      # job 183

4995     190 199                                                                                      # job 184

4988     194 198                                                                                      # job 185

5066     101 103 106 108 113 188 190 191 193 195 197 199                                              # job 186

4993     101 102 103 104 106 107 108 109 113 188 189 190 191 192 193 196 199                          # job 187

5050     103 108 190 193 199                                                                          # job 188

4915     101 103 104 106 108 109 111 113 190 191 193 195 196 197 199                                  # job 189

5033     199                                                                                          # job 190

5004     101 103 106 108 111 113 114 193 197 199                                                      # job 191

4997     101 102 103 104 106 107 108 109 111 112 113 114 115 193 194 195 196 197 198 199              # job 192

5024     103 108 113 114 199                                                                          # job 193

5095     198                                                                                          # job 194

5016     198                                                                                          # job 195

4985     101 103 104 106 108 109 111 113 114 115 117 199                                              # job 196

4978     185 198                                                                                      # job 197

5008                                                                                                  # job 198

5051     113 128                                                                                      # job 199

