400

5111       3   4   5   6   7   8  10  13  14  15  16  17  18  19  20  21  33 180                      # job 0

4948       2   3   4   5   6   7   8  10  11  12  13  14  15  16  17  18  19  20  22  33              # job 1

5052       3   4   5   6   7   8  10  13  14  15  16  17  18  19  20  21  22  33 180 192              # job 2

4952       4  13  16  18                                                                              # job 3

5020      16  18  21  33 180                                                                          # job 4

5015      13  14  16  18  25  26                                                                      # job 5

5063      13  14  15  16  18  25  26  27                                                              # job 6

4996      13  14  15  16  17  18  25  26  27  28  33                                                  # job 7

5023      13  14  15  16  17  18  19  25  26  27  28  29  33                                          # job 8

4975     192                                                                                          # job 9

4921      13  14  15  16  17  19  20  25  26  27  28  29  30                                          # job 10

4949      12  13  14  15  16  17  18  19  20  22  24  25  26  27  28  29  30  31                      # job 11

4970      13  14  15  16  17  18  19  20  22  24  25  26  27  28  29  30  31                          # job 12

5048      16  18  21  26  33                                                                          # job 13

5021      16  18  25  26  33  35                                                                      # job 14

5056      16  18  25  26  27  35  36                                                                  # job 15

5036      18                                                                                          # job 16

5060      18  21  25  26  27  28  33  35  36  37  39 180                                              # job 17

4986                                                                                                  # job 18

5079      25  26  27  28  29  33  35  36  37  38  39  45                                              # job 19

5048      21  25  26  27  28  29  30  33  35  36  37  38  39  40  45 180                              # job 20

4961     180                                                                                          # job 21

4995      25  26  27  28  29  30  31  33  35  36  37  38  39  40  41  45  92 180 192                  # job 22

5083      24  25  26  27  28  29  30  31  32  34  35  36  37  38  39  40  41  42                      # job 23

5054      25  26  27  28  29  30  31  33  35  36  37  38  39  40  41  42  45  92 180                  # job 24

5026      26  33  35  39  45                                                                          # job 25

4983      33  39  45  92 180                                                                          # job 26

4976      33  35  36  39  45  46  47  92 180                                                          # job 27

4991      33  35  36  37  39  45  46  47  48                                                          # job 28

4989      35  36  37  38  39  45  46  47  48  49                                                      # job 29

4999      33  35  36  37  38  39  40  45  46  47  48  49  50  92 180                                  # job 30

5055      33  35  36  37  38  39  40  41  45  46  47  48  49  50  51  92 180 192                      # job 31

5018      34  35  36  37  38  40  41  42  44  46  47  48  49  50  51  52                              # job 32

5018                                                                                                  # job 33

5079      35  36  37  38  39  40  41  42  44  45  46  47  48  49  50  51  52  71  92 180              # job 34

5042      39  45  47                                                                                  # job 35

4973      39  45  46  47  55  71                                                                      # job 36

5118      39  46  47  48  55  56                                                                      # job 37

5081      39  45  46  47  48  49  55  56  57  71  92                                                  # job 38

5016                                                                                                  # job 39

5049      45  46  47  48  49  50  55  56  57  58  60                                                  # job 40

5031      45  46  47  48  49  50  51  55  56  57  58  59  60                                          # job 41

5047      45  46  47  48  49  50  51  52  55  56  57  58  59  60  61  71                              # job 42

4999      44  46  47  48  49  50  51  52  53  54  55  56  57  58  59  60  61  62                      # job 43

5044      45  46  47  48  49  50  51  52  55  56  57  58  59  60  61  62  71  92 180 192              # job 44

5015      71  92                                                                                      # job 45

5022      47  55  60  69                                                                              # job 46

5005      60  69  71                                                                                  # job 47

4944      55  56  60  65  67  69  71  92                                                              # job 48

5052      55  56  57  60  65  66  67  69                                                              # job 49

5072      55  56  57  58  60  65  66  67  68  69  71                                                  # job 50

5033      55  56  57  58  59  60  65  66  67  68  69  70  71                                          # job 51

4949      55  56  57  58  59  60  61  65  66  67  68  69  70  72                                      # job 52

5082      54  55  56  57  58  59  60  61  62  64  65  66  67  68  69  70  72  73                      # job 53

5036       9  55  56  57  58  59  60  61  62  64  65  66  67  68  69  70  71  72  73  92 192          # job 54

4970      67                                                                                          # job 55

4985      60  65  67  69  71  76                                                                      # job 56

4991      60  65  66  67  69  76  77                                                                  # job 57

5061      60  65  66  67  68  69  71  76  77  78  92                                                  # job 58

5011      60  65  66  67  68  70  76  77  78  79                                                      # job 59

5046      69  71  92                                                                                  # job 60

5001      65  66  67  68  69  70  72  76  77  78  79  80  83                                          # job 61

5124       9  65  66  67  68  69  70  71  72  73  76  77  78  79  80  81  83  92                      # job 62

5075      64  65  66  68  70  72  73  74  75  76  77  78  79  80  81  82                              # job 63

4977      65  66  67  68  69  70  71  72  73  76  77  78  79  80  81  82  83  92                      # job 64

5044      67  69  71  76  83  92                                                                      # job 65

5034      67  76  77  83  86                                                                          # job 66

4994      69  71  83                                                                                  # job 67

5033      69  76  77  78  83  86  87  88                                                              # job 68

5002      71                                                                                          # job 69

4999      71  76  77  78  79  83  86  87  88  89  96                                                  # job 70

4963                                                                                                  # job 71

5011      76  77  78  79  80  83  86  87  88  89  90  96 103                                          # job 72

4977      76  77  78  79  80  81  83  86  87  88  89  90  91  96 103                                  # job 73

5029      75  76  77  78  79  80  81  82  83  85  86  87  88  89  90  91  93  96 103                  # job 74

5056      76  77  78  79  80  81  82  85  86  87  88  89  90  91  93                                  # job 75

5070      83  88  96 103                                                                              # job 76

5112      83  86  88  92  96  97 103                                                                  # job 77

5005      83  86  87  88  96  97  98 103                                                              # job 78

5097      83  86  87  88  89  97  98  99                                                              # job 79

4973      83  86  87  88  89  90  96  97  98  99 100                                                  # job 80

4987      83  86  87  88  89  90  91  96  97  98  99 100 101 103                                      # job 81

5092       9  83  86  87  88  89  90  91  92  93  96  97  98  99 100 101 102 103                      # job 82

4983      96 103                                                                                      # job 83

5023      85  86  87  88  89  90  91  93  94  95  96  97  98  99 100 101 102 103 104 105              # job 84

4987      86  87  88  89  90  91  93  96  97  98  99 100 101 102 103 104 105                          # job 85

5062      88  96  97 105                                                                              # job 86

4971       9  88  92  96  97  98 103 105 108                                                          # job 87

5014     105                                                                                          # job 88

5015      92  96  97  98  99 103 105 108 109 110                                                      # job 89

5046      96  97  98  99 100 103 105 108 109 110 111                                                  # job 90

5024      97  98  99 100 101 105 108 109 110 111 112                                                  # job 91

4941                                                                                                  # job 92

5029      97  98  99 100 101 102 105 108 109 110 111 112 113                                          # job 93

4928       9  95  96  97  98  99 100 101 102 103 104 105 107 108 109 110 111 112 113 114 140          # job 94

5032      96  97  98  99 100 101 102 104 105 107 108 109 110 111 112 113 114                          # job 95

5029     103                                                                                          # job 96

5077       9 103 105 110 122 140                                                                      # job 97

5031     103 105 108 110 117 122                                                                      # job 98

5047     105 108 109 110 117 118 122                                                                  # job 99

5018     103 105 108 109 110 111 117 118 119 122 140                                                  # job 100

5059     105 108 109 110 111 112 117 118 119 120 122                                                  # job 101

5021     103 105 108 109 110 111 112 113 117 118 119 120 121 122                                      # job 102

4996     140                                                                                          # job 103

5006       9 105 108 109 110 111 112 113 114 117 118 119 120 121 122 123 133 140 192                  # job 104

5002     122 133                                                                                      # job 105

4942       9 107 108 109 110 111 112 113 114 115 116 117 118 119 120 121 122 123 124 125 133 140      # job 106

4993       9 108 109 110 111 112 113 114 117 118 119 120 121 122 123 124 125 133 140                  # job 107

5013     110 117 125                                                                                  # job 108

5037     110 117 118 122 125 128 133                                                                  # job 109

5029     122 125 133 140                                                                              # job 110

4973     117 118 119 125 128 129 130                                                                  # job 111

4948     117 118 119 120 125 128 129 130 131                                                          # job 112

4982       9 117 118 119 120 121 122 125 128 129 130 131 132 133 140                                  # job 113

5038     117 118 119 120 121 122 123 125 128 129 130 131 132 133 134                                  # job 114

5023     116 117 118 119 120 121 122 123 124 125 127 128 129 130 131 132 133 134 135                  # job 115

5086     117 118 119 120 121 122 123 124 125 127 128 129 130 131 132 133 134 135                      # job 116

5067     125 130                                                                                      # job 117

4998     122 125 128 130 133 138 140                                                                  # job 118

5022     125 128 129 130 138 139                                                                      # job 119

5027       9 122 125 128 129 130 131 133 138 139 140 141 192                                          # job 120

4915       9 122 125 128 129 130 131 132 133 138 139 140 141 142                                      # job 121

5035       9 133 140 180 192                                                                          # job 122

4989     125 128 129 130 131 132 133 134 138 139 141 142 143 148                                      # job 123

5007       9 125 128 129 130 131 132 133 134 135 138 139 140 141 142 143 144 148 192                  # job 124

4953       9 133 140 148                                                                              # job 125

5026     127 128 129 130 131 132 134 135 136 137 138 139 141 142 143 144 145 148 150                  # job 126

5035     128 129 130 131 132 133 134 135 138 139 140 141 142 143 144 145 148 150                      # job 127

5026     130 138 148 150                                                                              # job 128

5045     130 133 138 139 140 148 149 150 192                                                          # job 129

5035     148 150                                                                                      # job 130

5035     138 139 141 148 149 150 151 152                                                              # job 131

4993     133 138 139 140 141 142 148 149 150 151 152 153                                              # job 132

5136       9 140 192                                                                                  # job 133

5047       9 138 139 140 141 142 143 148 149 150 151 152 153 154 169 180 192                          # job 134

4964     138 139 141 142 143 144 148 149 150 151 152 153 154 155                                      # job 135

5037     137 138 139 141 142 143 144 145 147 149 151 152 153 154 155 156                              # job 136

5004     138 139 141 142 143 144 145 147 149 150 151 152 153 154 155 156                              # job 137

5007     148 150 152                                                                                  # job 138

5052     140 148 149 150 152 159 169                                                                  # job 139

5039                                                                                                  # job 140

5102     149 150 151 152 159 160                                                                      # job 141

4934     149 151 152 153 159 160 161                                                                  # job 142

4987     148 149 150 151 152 153 154 159 160 161 162 169 187 192                                      # job 143

5079     148 149 150 151 152 153 154 155 159 160 161 162 163                                          # job 144

5022     148 149 150 151 152 153 154 155 156 159 160 161 162 163 164 169 187                          # job 145

5085     147 148 149 150 151 152 153 154 155 156 157 158 159 160 161 162 163 164 165                  # job 146

5031     148 149 150 151 152 153 154 155 156 159 160 161 162 163 164 165 169 187                      # job 147

5010       9 169 187 192                                                                              # job 148

5039     152 159                                                                                      # job 149

4988     169 171 187                                                                                  # job 150

5103     152 159 160 168 170 171                                                                      # job 151

5022     169 170 171 187                                                                              # job 152

5063     159 160 161 168 170 172 173                                                                  # job 153

5035       9 159 160 161 162 168 169 170 171 172 173 174 187 192                                      # job 154

5036     159 160 161 162 163 168 169 170 171 172 173 174 175 187 192                                  # job 155

5075       9 159 160 161 162 163 164 168 169 170 171 172 173 174 175 176 180 187 192                  # job 156

5048     158 159 160 161 162 163 164 165 167 168 169 170 171 172 173 174 175 176 177 187              # job 157

5061       9 159 160 161 162 163 164 165 167 168 169 170 171 172 173 174 175 176 177 180 187 192      # job 158

4974     170 171 173                                                                                  # job 159

4978     168 170 171 173 181                                                                          # job 160

4983     168 169 170 171 172 173 181 182 187                                                          # job 161

5045     168 170 171 172 173 174 181 182 183                                                          # job 162

5117       9 168 169 170 171 172 173 174 175 181 182 183 184 187 192                                  # job 163

4999     168 169 170 171 172 173 174 175 176 181 182 183 184 185                                      # job 164

4987     168 169 170 171 172 173 174 175 176 177 181 182 183 184 185 186 187 192                      # job 165

5020     167 168 169 170 171 172 173 174 175 176 177 178 179 181 182 183 184 185 186 187 188 192      # job 166

5009     168 169 170 171 172 173 174 175 176 177 181 182 183 184 185 186 187 188                      # job 167

5065     169 170 171 173 181 187                                                                      # job 168

5134     187                                                                                          # job 169

5034     171                                                                                          # job 170

5091      21                                                                                          # job 171

4998      21 173 181 182 187 191 192 196 199                                                          # job 172

5086     196 199                                                                                      # job 173

5086       9  21 180 181 182 183 187 191 192 193 195 196 199                                          # job 174

5053      21 181 182 183 184 187 191 193 194 195 196 199                                              # job 175

5028     181 182 183 184 185 191 193 194 195 197                                                      # job 176

5074     181 182 183 184 185 186 191 193 194 195 197 198                                              # job 177

5073       0 179 181 182 183 184 185 186 188 191 193 194 195 196 197 198 199 200                      # job 178

4978       0  21 181 182 183 184 185 186 188 191 193 194 195 196 197 198 199 200                      # job 179

5040       9 192                                                                                      # job 180

4998     195 196 199                                                                                  # job 181

5027       4  21 191 195 196 199                                                                      # job 182

5040       3   4 191 193 195 196                                                                      # job 183

5067       3   4   5  21 191 193 194 195 196 199                                                      # job 184

5012       3   4   5   6 191 193 194 195 196 197 199                                                  # job 185

5045       3   4   5   6   7  21 191 193 194 195 196 197 198 199                                      # job 186

5057                                                                                                  # job 187

5029       3   4   5   6   7   8 191 193 194 195 196 197 198 200                                      # job 188

5020       0   2   3   4   5   6   7   8  10  21 180 190 191 192 193 194 195 196 197 198 199 200      # job 189

5052       0   2   3   4   5   6   7   8  10  21 180 191 193 194 195 196 197 198 199 200              # job 190

5060       4  21 180 195 196 199                                                                      # job 191

5040                                                                                                  # job 192

5002       3   4  13 195 196 199                                                                      # job 193

5045       3   5  13  14                                                                              # job 194

5010      21 196 199                                                                                  # job 195

5094     199                                                                                          # job 196

5015       3   4   5   6  13  14  15  16  18 199                                                      # job 197

4973       3   4   5   6   7  13  14  15  16  17  18  21 199                                          # job 198

4985      21                                                                                          # job 199

5137       3   4   5   6   7   8  13  14  15  16  17  18  19  21  33                                  # job 200

5005     203 207 208 209 210 211 212 217 218 219 220 227 228 329                                      # job 201

5091     206 207 208 209 210 211 212 213 216 217 218 219 220 221 227 228                              # job 202

5048                                                                                                  # job 203

5013     205 206 207 208 209 210 212 213 214 215 216 217 218 219 220 221 222                          # job 204

5071     206 207 208 209 210 211 212 213 216 217 218 219 220 221 222 228                              # job 205

5022     207 208 209 210 217 218 220 221                                                              # job 206

5063     211 212 219 227 228 252                                                                      # job 207

5024     211 212 217 219 226 227 228                                                                  # job 208

4965     211 212 217 218 219 226 229                                                                  # job 209

4960     211 212 217 218 219 220 226 227 228 229 230 252 329 383                                      # job 210

5051     227 228                                                                                      # job 211

5024     233                                                                                          # job 212

4999     216 217 218 219 220 221 225 226 227 228 229 230 231 233 234 252                              # job 213

5106     215 216 217 218 219 220 221 222 224 225 226 227 228 229 230 231 232 233 234 252 329          # job 214

5015     216 217 218 219 220 221 222 224 225 226 227 228 229 230 231 232 233 234 252 329              # job 215

5047     217 218 220 221 225 226 229 230 231                                                          # job 216

5001     219 226 227 228 233 234 252 329                                                              # job 217

5060     219 226 227 228 229 233 234 238 252                                                          # job 218

4993     227 228 233 234 252                                                                          # job 219

4991     226 227 228 229 230 233 234 238 239 240                                                      # job 220

5002     226 227 228 229 230 231 233 234 238 239 240 241 252                                          # job 221

4877     225 226 229 230 231 232 233 234 237 238 239 240 241 242                                      # job 222

5022     224 225 226 227 228 229 230 231 232 233 234 235 236 237 238 239 240 241 242 243              # job 223

4997     225 226 227 228 229 230 231 232 233 234 237 238 239 240 241 242 243 252                      # job 224

5010     226 227 228 229 230 231 233 234 238 239 240 241 242 252 376                                  # job 225

4995     227 228 233 234 240 252                                                                      # job 226

4980                                                                                                  # job 227

4996     252 262 376                                                                                  # job 228

5027     233 234 238 240 247 256                                                                      # job 229

5064     233 234 238 239 240 247 248 256 262                                                          # job 230

5047     233 234 238 239 240 241 247 248 249 256                                                      # job 231

5084     233 234 237 238 239 240 241 242 246 247 248 249 250                                          # job 232

5021     252 256 262                                                                                  # job 233

4975     252 256 258 262 376 383                                                                      # job 234

5044     236 237 238 239 240 241 242 243 245 246 247 248 249 250 251 253                              # job 235

4980     237 238 239 240 241 242 243 245 246 247 248 249 250 251 252 253 256 258 262                  # job 236

4987     238 239 240 241 242 246 247 248 249 250 252 253 256 258 262 376 383                          # job 237

5034     240 247 253 258                                                                              # job 238

5081     240 247 248 253 259                                                                          # job 239

5007     253 258                                                                                      # job 240

5051     247 248 249 253 259 260 261                                                                  # job 241

5056     247 248 249 250 253 258 259 260 261 263                                                      # job 242

5086     246 247 248 249 250 251 252 253 256 257 258 259 260 261 262 263 264                          # job 243

5034     245 246 247 248 249 250 251 253 254 255 256 257 258 259 260 261 262 263 264 265              # job 244

4924     246 247 248 249 250 251 253 256 257 258 259 260 261 263 264 265                              # job 245

4967     247 248 249 250 253 256 258 259 260 261 262 263 264                                          # job 246

5085     252 253 256 258 261 262                                                                      # job 247

5025     253 256 258 259 261 262 269                                                                  # job 248

5039     253 256 258 259 260 261 262 269 270                                                          # job 249

5028     252 253 256 258 259 260 261 262 263 269 270 271                                              # job 250

5020     252 253 256 257 258 259 260 261 262 263 264 268 269 270 271 272 376                          # job 251

4976     376                                                                                          # job 252

5015     256 258 262 297 376                                                                          # job 253

5027     255 256 257 258 259 260 261 262 263 264 265 267 268 269 270 271 272 273 274                  # job 254

5063     256 257 258 259 260 261 262 263 264 265 267 268 269 270 271 272 273 274 297                  # job 255

5033     262                                                                                          # job 256

5078     259 260 261 263 264 268 269 270 271 272 274                                                  # job 257

5033     262 281 297 376                                                                              # job 258

5034     261 269 274 278 281                                                                          # job 259

5032     261 262 269 270 274 278 279 281 297                                                          # job 260

5003     274 278                                                                                      # job 261

5031     297                                                                                          # job 262

4987     269 270 271 274 278 279 280 281 282 291 297 376                                              # job 263

4991     269 270 271 272 274 278 279 280 281 282 283 291 297                                          # job 264

5065     268 269 270 271 272 273 274 277 278 279 280 281 282 283 284 291 297                          # job 265

5035     267 268 269 270 271 272 273 274 275 276 277 278 279 280 281 282 283 284 285 291              # job 266

5033     268 269 270 271 272 273 274 277 278 279 280 281 282 283 284 285 291 297 376                  # job 267

5037     269 270 271 272 274 278 279 280 282 283 284                                                  # job 268

5011     274 278 281 282                                                                              # job 269

5001     274 278 279 281 282 289 291                                                                  # job 270

5045     274 278 279 280 281 282 289 290 291 297                                                      # job 271

5032     274 278 279 280 281 282 283 289 290 291 292                                                  # job 272

5016     274 277 278 279 280 281 282 283 284 288 289 290 291 292 293 297                              # job 273

5017     278 281 291 297                                                                              # job 274

5037     276 277 278 279 280 281 282 283 284 285 287 288 289 290 291 292 293 294 296 297 329 376 383  # job 275

5068     277 278 279 280 281 282 283 284 285 287 288 289 290 291 292 293 294 296                      # job 276

5026     278 279 280 281 282 283 284 288 289 290 291 292 293 296 297                                  # job 277

5075     281                                                                                          # job 278

5027     281 282 289 291 296 305                                                                      # job 279

4991     282 289 290 296 300 305                                                                      # job 280

4979                                                                                                  # job 281

5039     291 296 305 314                                                                              # job 282

5044     289 290 291 292 296 297 300 301 302 305 314                                                  # job 283

5016     289 290 292 293 296 300 301 302 303 305                                                      # job 284

4951     288 289 290 291 292 293 294 296 297 299 300 301 302 303 304 305 314 376 383                  # job 285

5067     287 288 289 290 291 292 293 294 295 296 297 298 299 300 301 302 303 304 305 306 314 376      # job 286

5041     288 289 290 291 292 293 294 296 297 299 300 301 302 303 304 305 306 314 376                  # job 287

4993     289 290 292 293 300 301 302 303 304                                                          # job 288

5038     296 302 305                                                                                  # job 289

5043     291 296 297 300 302 305 310 314                                                              # job 290

4985     297                                                                                          # job 291

4996     296 300 301 302 310 311                                                                      # job 292

4996     296 300 301 302 303 305 310 311 312 314 324                                                  # job 293

4999     296 299 300 301 302 303 304 305 309 310 311 312 313 314 324                                  # job 294

5033     296 298 299 300 301 302 303 304 305 306 308 309 310 311 312 313 314 315                      # job 295

5030     297 305 314 324 376                                                                          # job 296

5008                                                                                                  # job 297

5028     299 300 301 302 303 304 305 306 308 309 310 311 312 313 314 315 318 324                      # job 298

5053     300 301 302 303 304 309 310 311 312 313                                                      # job 299

4974     302 305 310 314 318 324                                                                      # job 300

5017     302 310 311 318 320                                                                          # job 301

5016     305 314 318 324 349 376                                                                      # job 302

5008     310 311 312 318 320 321 323                                                                  # job 303

5029     305 310 311 312 313 318 320 321 322 323                                                      # job 304

5101                                                                                                  # job 305

5001     309 310 311 312 313 314 315 318 319 320 321 322 323 324 325 328 349                          # job 306

5008     308 309 310 311 312 313 314 315 316 317 318 319 320 321 322 323 324 325 326 328              # job 307

5083     309 310 311 312 313 314 315 318 319 320 321 322 323 324 325 326 328 349                      # job 308

5023     310 311 312 313 314 318 320 321 322 323 324 325 328 349 376                                  # job 309

5000     314 318 323 324 328 349 383                                                                  # job 310

5014     318 320 323 332                                                                              # job 311

5058     314 318 320 321 323 324 328 332 333 349 383                                                  # job 312

5054     318 320 321 322 323 328 332 333 334                                                          # job 313

4997     324                                                                                          # job 314

5105     318 319 320 321 322 323 324 325 328 331 332 333 334 335 341                                  # job 315

5041     317 318 319 320 321 322 323 324 325 326 328 330 331 332 333 334 335 336 341 349 376 383      # job 316

5074     318 319 320 321 322 323 325 326 328 330 331 332 333 334 335 336 341                          # job 317

5083     324 328 341 349 383                                                                          # job 318

4979     320 321 322 325 331 332 333 334 335                                                          # job 319

4969     323 324 328 332 340 341 349                                                                  # job 320

5077     323 324 328 332 333 340 341 342 349 383                                                      # job 321

5056     323 324 328 332 333 334 340 341 342 343                                                      # job 322

5033     324 328 340 341                                                                              # job 323

5025                                                                                                  # job 324

5065     328 332 333 334 335 340 342 343 344 345                                                      # job 325

5056     328 331 332 333 334 335 336 339 340 341 342 343 344 345 346 349 363                          # job 326

4960     328 330 331 332 333 334 335 336 337 338 339 340 342 343 344 345 346 347                      # job 327

5052                                                                                                  # job 328

5127     376 383                                                                                      # job 329

5038     331 332 333 334 335 336 339 340 341 342 343 344 345 346 347 351                              # job 330

5014     332 333 334 335 340 342 343 344 345 346 351                                                  # job 331

5014     340 341 345 349 351 363                                                                      # job 332

4986     340 341 342 345 349 351 353 363                                                              # job 333

4967     340 341 342 343 345 349 351 353 354 363                                                      # job 334

5039     340 341 342 343 344 345 351 353 354 355                                                      # job 335

4990     339 340 341 342 343 344 345 346 349 351 352 353 354 355 356 363                              # job 336

5002     338 339 340 341 342 343 344 345 346 347 349 350 351 352 353 354 355 356 357 363              # job 337

5034     339 340 341 342 343 344 345 346 347 350 351 352 353 354 355 356 357 363                      # job 338

5118     340 341 342 343 344 345 346 351 352 353 354 355 356 363                                      # job 339

5078     341 351                                                                                      # job 340

5109     349 363                                                                                      # job 341

5088     345 353 362                                                                                  # job 342

4985     345 349 351 353 354 361 362 363 372                                                          # job 343

5129     345 349 351 353 354 355 361 362 363 364 372                                                  # job 344

4953     351 362 363 372                                                                              # job 345

5039     349 351 353 354 355 356 361 362 363 364 365 366 372                                          # job 346

4952     349 351 352 353 354 355 356 357 360 361 362 363 364 365 366 367 372                          # job 347

5092     350 351 352 353 354 355 356 357 358 359 360 361 362 364 365 366 367 368                      # job 348

5009                                                                                                  # job 349

4974     351 352 353 354 355 356 357 360 361 362 363 364 365 366 367 368 372                          # job 350

5004                                                                                                  # job 351

5046     353 354 355 356 361 362 363 364 365 366 367 372 375                                          # job 352

5101     329 362 363 366 372 375 376 383                                                              # job 353

5013     361 366 373                                                                                  # job 354

5028     361 362 363 364 366 372 373 374 375                                                          # job 355

5052     361 362 364 365 366 372 373 374 375 377                                                      # job 356

4948     329 360 361 362 363 364 365 366 367 371 372 373 374 375 377 378 383                          # job 357

5002     359 360 361 362 364 365 366 367 368 370 371 373 374 375 377 378 379                          # job 358

4963     329 360 361 362 363 364 365 366 367 368 370 371 372 373 374 375 376 377 378 379 383          # job 359

5001     361 362 364 365 366 367 371 373 374 377 378                                                  # job 360

5019     362 366 373 375                                                                              # job 361

4974     372 375                                                                                      # job 362

5068     329 383                                                                                      # job 363

5086     203 329 366 372 373 374 375 383 384 386                                                      # job 364

5035     203 329 366 372 373 374 375 377 384 385 386                                                  # job 365

5033     375 386                                                                                      # job 366

4980     373 374 377 378 384 385 387 388                                                              # job 367

5049     203 371 372 373 374 375 377 378 379 382 384 385 386 387 388 389                              # job 368

4932     203 329 370 371 372 373 374 375 377 378 379 380 381 382 383 384 385 386 387 388 389 390      # job 369

4971     371 372 373 374 375 377 378 379 382 384 385 386 387 388 389 390                              # job 370

5018     203 329 372 373 374 375 377 378 383 384 385 386 387 388 389                                  # job 371

5018                                                                                                  # job 372

5066     203 375 386 388 397                                                                          # job 373

4989     375 384 386 388 394 397                                                                      # job 374

4989     203 329 383 397                                                                              # job 375

5066     383                                                                                          # job 376

4995     203 384 385 386 388 394 395 397 399                                                          # job 377

5105     203 384 385 386 387 388 394 395 396 397 399                                                  # job 378

5074     201 203 329 382 384 385 386 387 388 389 394 395 396 397 398 399                              # job 379

4951     201 202 203 329 376 381 382 383 384 385 386 387 388 389 390 393 394 395 396 397 398 399      # job 380

5001     201 202 382 384 385 386 387 388 389 390 393 394 395 396 397 398 399                          # job 381

4948     201 203 384 385 386 387 388 389 394 395 396 397 398 399                                      # job 382

5041                                                                                                  # job 383

5074     203 329 383 386 388 394 397 399                                                              # job 384

5026     207 386 388 394 395 397 399                                                                  # job 385

5084     203 397 399                                                                                  # job 386

5015     207 208 211 388 394 395 396 397 399                                                          # job 387

5001     203 211 329 397 399                                                                          # job 388

5037     207 208 209 211 212 394 395 396 398 399                                                      # job 389

5040     201 206 207 208 209 210 211 212 393 394 395 396 398                                          # job 390

5066     201 202 205 206 207 208 209 210 211 212 213 392 393 394 395 396 397 398 399                  # job 391

5036     201 202 205 206 207 208 209 210 211 212 213 393 394 395 396 398                              # job 392

5015     201 203 206 207 208 209 210 211 212 394 395 396 397 398 399                                  # job 393

4972     211 212 397 399                                                                              # job 394

4979     203 207 211 212 219 329 376 383 397 399                                                      # job 395

5081     203 207 208 211 212 217 219 329 397 399                                                      # job 396

5094     203                                                                                          # job 397

5000     207 208 209 211 212 217 218 219 227 399                                                      # job 398

5060     203 227 329 383                                                                              # job 399

