500

5028     198                                                                                          # job 0

4965       2   3   4   5   6   7   8   9  10  11  13  14  15  16  17  18  19  20  21  29              # job 1

5026       4   6   8   9  13  19                                                                      # job 2

5014       4   5   6   7   8   9  10  11  13  14  15  16  17  18  19  20  21  23                      # job 3

4986       6   8   9  13  19  29  53 110                                                              # job 4

5040       6   7   8   9  10  11  13  14  15  16  17  18  19  20  21  23  25  29  53                  # job 5

5026      29                                                                                          # job 6

4994       8   9  10  11  13  14  15  16  17  18  19  20  21  23  25  29  31  53                      # job 7

5073      29  31  53                                                                                  # job 8

5077      13  19  29  31  32  53 110                                                                  # job 9

4914      11  13  14  15  16  17  18  19  20  21  23  25  28  29  31  32                              # job 10

4981      13  14  15  16  17  18  19  20  21  23  25  28  31  32                                      # job 11

4995     198                                                                                          # job 12

4994      19  32                                                                                      # job 13

5061      15  16  17  18  19  20  21  23  25  28  31  32  34                                          # job 14

4969      16  17  18  19  20  21  23  25  28  31  32  34                                              # job 15

5024      17  18  19  20  21  23  25  28  29  31  32  34  53 110                                      # job 16

5033      18  19  20  21  23  25  28  29  31  32  34  53                                              # job 17

5004      19  20  21  23  25  28  29  31  32  34                                                      # job 18

5106      31  32                                                                                      # job 19

4970      21  23  25  28  29  31  32  34  40                                                          # job 20

5011      23  25  28  31  32  34  40                                                                  # job 21

5092      23  24  25  26  27  28  30  31  32  33  34  35  36  37  38  39  40  41  42                  # job 22

4972      25  28  34  40                                                                              # job 23

5002      25  26  27  28  30  31  32  33  34  35  36  37  38  39  40  41  42  44                      # job 24

5019      28  31  32  34  40                                                                          # job 25

5080      27  28  30  33  34  35  36  37  38  39  40  41  42  44  46                                  # job 26

4991      28  29  30  31  32  33  34  35  36  37  38  39  40  41  42  44  46  53 110                  # job 27

5049      29  31  32  34  40  53                                                                      # job 28

5076                                                                                                  # job 29

4984      31  32  33  34  35  36  37  38  39  40  41  42  44  46  49  64                              # job 30

4981      64                                                                                          # job 31

5032      53  56  64                                                                                  # job 32

5079      34  35  36  37  38  39  40  41  42  44  46  49  52  56                                      # job 33

5003      40  52  56                                                                                  # job 34

4978      36  37  38  39  40  41  42  44  46  49  52  53  55  56  64 110                              # job 35

5072      37  38  39  40  41  42  44  46  49  52  55                                                  # job 36

5131      38  39  40  41  42  44  46  49  52  53  55  56  64 110                                      # job 37

4982      39  40  41  42  44  46  49  52  55  56                                                      # job 38

5065      40  41  42  44  46  49  52  55  56  64                                                      # job 39

5131      52  53  56  64                                                                              # job 40

5079      42  44  46  49  52  55  56  62  64                                                          # job 41

5019      12  44  46  49  52  53  55  56  62  64 110 198                                              # job 42

5078      44  45  46  47  48  49  50  51  52  54  55  56  57  58  59  60  61  62  63                  # job 43

5007      46  49  52  55  56  62                                                                      # job 44

5006      46  47  48  49  50  51  52  54  55  56  57  58  59  60  61  62  63  64  66                  # job 45

5049      49  52  55  56  62                                                                          # job 46

5089      48  49  50  51  52  54  55  57  58  59  60  61  62  63  66  69                              # job 47

4967      49  50  51  52  53  54  55  56  57  58  59  60  61  62  63  64  66  69                      # job 48

5072      52  55  56  62                                                                              # job 49

5034      51  52  54  55  57  58  59  60  61  62  63  66  69  72                                      # job 50

5088      54  57  58  59  60  61  63  66                                                              # job 51

5095      56  64                                                                                      # job 52

5047                                                                                                  # job 53

5012      55  56  57  58  59  60  61  62  63  64  66  69  72  75  98 110                              # job 54

4974      56  62  75                                                                                  # job 55

5066      64                                                                                          # job 56

4941      58  59  60  61  62  63  64  66  69  72  75  77  80                                          # job 57

5073      59  60  61  62  63  64  66  69  72  75  77  80  98 110 198                                  # job 58

5055      60  61  62  63  66  69  72  75  77                                                          # job 59

4988      61  62  63  64  66  69  72  75  77  80  98 110                                              # job 60

4997      62  63  64  66  69  72  75  77  80                                                          # job 61

5075      64  75  80                                                                                  # job 62

4926      64  66  69  72  75  77  80  84  98                                                          # job 63

4990      98                                                                                          # job 64

4946      66  67  68  69  70  71  72  73  74  75  76  77  78  79  80  81  82  83  84                  # job 65

5020      69  72  75  77  80  84 102                                                                  # job 66

4982      68  69  70  71  72  73  74  75  76  77  78  79  80  81  82  83  84  86  98 102              # job 67

5024      69  70  71  72  73  74  75  76  77  78  79  80  81  82  83  84  86  98 102                  # job 68

5076      72                                                                                          # job 69

5084      71  72  73  74  75  76  77  78  79  80  81  82  83  84  86  89                              # job 70

5007      72  73  74  75  76  77  78  79  80  81  82  83  84  86  89  98 102                          # job 71

5108      75  77  80  84  98 102 110                                                                  # job 72

5002      74  75  76  77  78  79  81  82  83  84  86  89  92                                          # job 73

5041      75  76  77  78  79  80  81  82  83  84  86  89  92  98 102 110                              # job 74

4977      80  98 102 110                                                                              # job 75

5014      77  78  79  80  81  82  83  84  86  89  92  98  99 102 110                                  # job 76

5084      80  84  99                                                                                  # job 77

5064      79  80  81  82  83  84  86  89  92  96  99 102                                              # job 78

5051      80  81  82  83  84  86  89  92  96  98  99 102                                              # job 79

4973      98 102                                                                                      # job 80

5012      82  83  84  86  89  92  96  98  99 102 108 110                                              # job 81

4975      83  84  86  89  92  96  99                                                                  # job 82

5039      84  86  89  92  96  99 102 108                                                              # job 83

5024      98  99 102 108 110                                                                          # job 84

5059      86  87  88  89  90  91  92  93  94  95  96  97  98  99 100 101 102 103 104 107 108          # job 85

5079      89  92  96  98  99 102 107 108 110 198                                                      # job 86

4939      88  89  90  91  92  93  94  95  96  97  98  99 100 101 102 103 104 106 107 108 110          # job 87

5076      89  90  91  92  93  94  95  96  97  99 100 101 103 104 106 107 108                          # job 88

4996      92  96  99 107 108                                                                          # job 89

5109      91  92  93  94  95  96  97  98  99 100 101 102 103 104 106 107 108 110 112 198              # job 90

5105      92  93  94  95  96  97  99 100 101 102 103 104 106 107 108 112                              # job 91

5034      96  99 107 108                                                                              # job 92

5077      94  95  96  97  98  99 100 101 102 103 104 106 107 108 110 112 115                          # job 93

5055      95  96  97 100 101 103 104 106 112 115                                                      # job 94

5018      96  97 100 101 103 104 106 112 115                                                          # job 95

5048     107                                                                                          # job 96

5000      99 100 101 103 104 106 107 108 112 115 119                                                  # job 97

5029                                                                                                  # job 98

4997     108                                                                                          # job 99

4919     101 103 104 106 107 108 112 115 119 122                                                      # job 100

4985     103 104 106 107 112 115 119 122                                                              # job 101

5065     110 151                                                                                      # job 102

5043     104 106 107 108 112 115 119 122                                                              # job 103

4941     106 107 108 110 112 115 119 122 134 151                                                      # job 104

5025     106 107 109 111 112 113 114 115 116 117 118 119 120 121 122 123 124 125                      # job 105

5022     107 108 112 115 119 122 134 151                                                              # job 106

5002     108 122 134 151                                                                              # job 107

5078                                                                                                  # job 108

5048     111 112 113 114 115 116 117 118 119 120 121 122 123 124 125 127 129 132 134                  # job 109

4970     198                                                                                          # job 110

4957     112 113 114 115 116 117 118 119 120 121 122 123 124 125 127 129                              # job 111

5043     115 119 122 129 132                                                                          # job 112

5022     114 115 116 117 118 119 120 121 122 123 124 125 127 129 131 132 134                          # job 113

4985     115 116 117 118 119 120 121 122 123 124 125 127 129 131 132 134 151                          # job 114

5031     119 122 129 132 134 151                                                                      # job 115

5015     117 118 119 120 121 123 124 125 127 129 131 136                                              # job 116

5036      12 118 119 120 121 122 123 124 125 127 129 131 132 134 136 151                              # job 117

4964      12 119 120 121 122 123 124 125 127 129 131 132 134 136 151                                  # job 118

5066     122 129 132                                                                                  # job 119

5020      12 121 122 123 124 125 127 129 131 132 134 136 141 151 198                                  # job 120

5040     122 123 124 125 127 129 131 132 134 136 141 151                                              # job 121

5029     132 134                                                                                      # job 122

5054     124 125 127 129 131 132 136 141 144                                                          # job 123

5053      12 125 127 129 131 132 134 136 141 144 151 198                                              # job 124

5105     127 131 136                                                                                  # job 125

4935     127 128 129 130 131 132 133 134 135 136 137 138 139 140 141 142 143 144 145 146              # job 126

5031      12 129 131 132 134 136 141 144 151                                                          # job 127

5064      12 129 130 131 132 133 134 135 136 137 138 139 140 141 142 143 144 145 146 148 151 198      # job 128

5031     132 134 144                                                                                  # job 129

5065      12 131 132 133 134 135 136 137 138 139 140 141 142 143 144 145 146 148 150 151 198          # job 130

4947     132 134 136 141 144 150 151                                                                  # job 131

5054                                                                                                  # job 132

5019     134 135 136 137 138 139 140 141 142 143 144 145 146 148 150 153 159                          # job 133

5015     151                                                                                          # job 134

5052     136 137 138 139 140 141 142 143 144 145 146 148 150 153 159 169                              # job 135

5025     141 144 150 159 169                                                                          # job 136

4917      12 138 139 140 141 142 143 144 145 146 148 150 151 153 156 159 169 198                      # job 137

5064     139 140 141 142 143 144 145 146 148 150 153 156 159 169                                      # job 138

5020     140 141 142 143 144 145 146 148 150 151 153 156 159 169                                      # job 139

5007     141 142 143 144 145 146 148 150 153 156 159                                                  # job 140

5042     144 150 159 169                                                                              # job 141

5035     143 144 145 146 148 150 153 156 162                                                          # job 142

5006      12 144 145 146 148 150 151 153 156 159 162 169                                              # job 143

5023                                                                                                  # job 144

5028      12 146 148 150 151 153 156 159 162 166 169                                                  # job 145

5003     148 150 153 156 162 166                                                                      # job 146

5031      12 148 149 150 151 152 153 154 155 156 157 158 159 160 161 162 163 164 165 166 167 169 198  # job 147

5046     150 153 156 162 166                                                                          # job 148

5027     150 152 153 154 155 156 157 158 159 160 161 162 163 164 165 166 167 170                      # job 149

5031     159 166                                                                                      # job 150

5016                                                                                                  # job 151

4968     153 154 155 156 157 158 160 161 162 163 164 165 167 170 172                                  # job 152

5065     156 159 162 166 169 172 206                                                                  # job 153

5037     155 156 157 158 159 160 161 162 163 164 165 166 167 169 170 172 174                          # job 154

5050      12 156 157 158 159 160 161 162 163 164 165 166 167 169 170 172 174 198 206                  # job 155

5069      12 159 162 166 169 172 198 206                                                              # job 156

4948     158 159 160 161 162 163 164 165 166 167 169 170 172 174 177 206                              # job 157

5010     159 160 161 162 163 164 165 166 167 169 170 172 174 177 206                                  # job 158

5023     169 206                                                                                      # job 159

5062     161 162 163 164 165 166 167 170 172 174 177                                                  # job 160

5046     162 163 164 165 166 167 170 172 174 177 187                                                  # job 161

5009     166 169 172 187 206                                                                          # job 162

5044     164 165 166 167 170 172 174 177 182 187                                                      # job 163

5065      12 165 166 167 169 170 172 174 177 182 187 198 206                                          # job 164

5070     166 167 169 170 172 174 177 182 187                                                          # job 165

5072     169 187 206                                                                                  # job 166

5044     170 172 174 177 182 189                                                                      # job 167

5056     170 171 172 173 174 175 176 177 178 179 180 181 182 183 184 185 186 189                      # job 168

5036                                                                                                  # job 169

4997     172 174 177 182 187 189 206 209                                                              # job 170

4961     172 173 174 175 176 177 178 179 180 181 182 183 184 185 186 187 189 190                      # job 171

4981     187 189 209                                                                                  # job 172

5053      12 174 175 176 177 178 179 180 181 182 183 184 185 186 187 189 190 192 206 209              # job 173

5033     177 182 187 189 192                                                                          # job 174

4986     176 177 178 179 180 181 182 183 184 185 186 187 189 190 192 194                              # job 175

5074     177 178 179 180 181 182 183 184 185 186 189 190 192 194                                      # job 176

5047      12 182 187 189 192 206 209                                                                  # job 177

5017     179 180 181 182 183 184 185 186 190 192 194 197                                              # job 178

4970     180 181 182 183 184 185 186 187 189 190 192 194 197 206 209                                  # job 179

4959     181 182 183 184 185 186 189 190 192 194 197                                                  # job 180

4987     182 183 184 185 186 187 189 190 192 194 197 209                                              # job 181

4985     192                                                                                          # job 182

5071     184 185 186 187 189 190 192 194 197 203                                                      # job 183

4979     185 186 187 189 190 192 194 197 203 206 209                                                  # job 184

5032     186 187 189 190 192 194 197 203 206 209                                                      # job 185

5037     187 189 190 192 194 197 203 206 209                                                          # job 186

5030                                                                                                  # job 187

5015     189 190 191 192 193 194 195 196 197 199 200 201 202 203 204 205 207 208                      # job 188

5005     206 209 216                                                                                  # job 189

5005      12 192 194 197 203 206 209 212 216                                                          # job 190

5037      12 192 193 194 195 196 197 199 200 201 202 203 204 205 206 207 208 209 211 212 216          # job 191

4975     209 212 216                                                                                  # job 192

5012     194 195 196 197 199 200 201 202 203 204 205 207 208 209 211 212 214 216                      # job 193

5008     197 203 212 214                                                                              # job 194

5068     196 197 199 200 201 202 203 204 205 207 208 209 211 212 214 216 217                          # job 195

5130     197 199 200 201 202 203 204 205 207 208 211 212 214 217                                      # job 196

5001     203 206 209 212 214 216                                                                      # job 197

5046                                                                                                  # job 198

5013     200 201 202 203 204 205 207 208 209 211 212 214 216 217 220                                  # job 199

5109     201 202 203 204 205 207 208 211 212 214 216 217 220                                          # job 200

5046     202 203 204 205 206 207 208 209 211 212 214 216 217 220                                      # job 201

5049     203 204 205 207 208 211 214 217 220                                                          # job 202

5052     212 214                                                                                      # job 203

4992     205 207 208 211 212 214 216 217 220 225                                                      # job 204

4994     207 208 211 212 214 217 220 225                                                              # job 205

4959                                                                                                  # job 206

5063     208 209 211 212 214 216 217 220 225                                                          # job 207

5065       0 209 211 212 214 216 217 220 225                                                          # job 208

4985       0                                                                                          # job 209

4983       0 211 212 213 214 215 216 217 218 219 220 221 222 223 224 225 226 227 228 229 240          # job 210

5015     212 214 216 217 220 225 240                                                                  # job 211

5039     216                                                                                          # job 212

5039     214 215 216 217 218 219 220 221 222 223 224 225 226 227 228 229 231 232                      # job 213

5029     216 232                                                                                      # job 214

5003     216 217 218 219 220 221 222 223 224 225 226 227 228 229 231 232 234 240                      # job 215

5044       0  12 240                                                                                  # job 216

5016     220 225 232 234 240 242                                                                      # job 217

5071       0 219 220 221 222 223 224 225 226 227 228 229 231 232 234 236 240 242                      # job 218

4954       0  12 220 221 222 223 224 225 226 227 228 229 231 232 234 236 240 242                      # job 219

4982       0 225 232 234 240 242                                                                      # job 220

5045       0  12 198 222 223 224 225 226 227 228 229 231 232 234 236 239 240 242                      # job 221

4958     223 224 225 226 227 228 229 231 232 234 236 239 240 242                                      # job 222

5022       0 224 225 226 227 228 229 231 232 234 236 239 240 242                                      # job 223

5002     225 226 227 228 229 231 232 234 236 239 240 242                                              # job 224

4993     232 234 242                                                                                  # job 225

5012     227 228 229 231 232 234 236 239 247                                                          # job 226

5066     228 229 231 232 234 236 239 247                                                              # job 227

5032     229 231 232 234 236 239 242 247                                                              # job 228

5067       0 231 232 234 236 239 240 242 247                                                          # job 229

4981       2 231 232 233 234 235 236 237 238 239 240 241 242 243 244 245 246 247 248 249              # job 230

5054       0 198 232 234 236 239 240 242 247                                                          # job 231

4929       0 198 240 242                                                                              # job 232

5005       0   2   4   6 198 234 235 236 237 238 239 240 241 242 243 244 245 246 247 248 249          # job 233

5090       6                                                                                          # job 234

4955       0   2   4   6   8 198 236 237 238 239 240 241 242 243 244 245 246 247 248 249              # job 235

4939       6   8 239 247                                                                              # job 236

5025       2   4   9 238 239 241 243 244 245 246 248 249                                              # job 237

5017       0   2   4   6   8   9 239 240 241 242 243 244 245 246 247 248 249                          # job 238

5072       0   6   8 240 242 247                                                                      # job 239

5078       0 198                                                                                      # job 240

5068       0   2   4   6   8   9  13  53 242 243 244 245 246 247 248 249                              # job 241

5051                                                                                                  # job 242

4974       0   2   4   6   8   9  12  13  29  53 198 244 245 246 247 248 249                          # job 243

5035       2   4   6   8   9  13 245 246 247 248 249                                                  # job 244

5031       0   2   4   6   8   9  13  29  53 198 246 247 248 249                                      # job 245

5025       2   4   6   8   9  13  29 247 248 249                                                      # job 246

5072       0   6   8  12  29  53 198                                                                  # job 247

5010       2   4   6   8   9  13  19  29  53 249                                                      # job 248

5004       0   2   4   6   8   9  13  19  29  53 198                                                  # job 249

5022     251 252 253 254 255 256 257 258 259 262 264 265 266 267 268 272                              # job 250

4990     252 253 254 255 256 257 258 259 262 264 265 266 267 268 272                                  # job 251

5011     253 254 255 256 257 258 259 262 263 264 265 266 267 268 272                                  # job 252

5065     254 255 256 257 258 259 262 263 264 265 266 267 268 272                                      # job 253

4993     255 256 257 258 259 262 264 265 266 267 268 272                                              # job 254

5041     260 263                                                                                      # job 255

5042     257 258 259 260 261 262 263 264 265 266 267 268 272 280                                      # job 256

5059     258 259 260 261 262 263 264 265 266 267 268 272 280 447                                      # job 257

5070     259 260 262 263 264 265 266 267 268 272 280                                                  # job 258

5013     260 262 263 264 265 266 267 268 272 280                                                      # job 259

5005     261                                                                                          # job 260

5069                                                                                                  # job 261

4976     263 264 265 266 267 268 272 280 297                                                          # job 262

5075                                                                                                  # job 263

5044     265 266 267 268 272 280 292 297                                                              # job 264

4967     266 267 268 272 280 292 297                                                                  # job 265

4977     267 268 272 280 292                                                                          # job 266

5063     268 272 280 292 297 319 447                                                                  # job 267

4907     272                                                                                          # job 268

5067     270 271 272 273 274 275 276 277 278 279 280 281 282 283 284 285 286 288 292                  # job 269

5110     271 273 274 275 276 277 278 279 281 282 283 284 285 286                                      # job 270

5077     272 273 274 275 276 277 278 279 280 281 282 283 284 285 286 288 292 297 319                  # job 271

4976     280 292 297                                                                                  # job 272

5056     274 275 276 277 278 279 280 281 282 283 284 285 286 288 291 292                              # job 273

4931     275 276 277 278 279 280 281 282 283 284 285 286 288 291                                      # job 274

5040     276 277 278 279 280 281 282 283 284 285 286 288 291 292 297                                  # job 275

5067     277 278 279 280 281 282 283 284 285 286 288 291 292                                          # job 276

5064     278 279 281 282 283 284 285 286 288 291                                                      # job 277

5082     279 280 281 282 283 284 285 286 288 291 292 297                                              # job 278

5087     280 281 282 283 284 285 286 288 291 292 297 319 447 468                                      # job 279

5019     292 297 319 447 468                                                                          # job 280

4982     282 283 284 285 286 288 291 301                                                              # job 281

5027     283 284 285 286 288 291 301                                                                  # job 282

4944     284 285 286 288 291 292 301                                                                  # job 283

4976     285 286 288 291 301                                                                          # job 284

5129     286 288 291 301                                                                              # job 285

5011     288 291 292 297 301                                                                          # job 286

5049     288 289 290 291 293 294 295 296 298 299 300 301 302 303 304 305 306 307                      # job 287

5014     291 292 297 301 319                                                                          # job 288

5012     290 291 292 293 294 295 296 297 298 299 300 301 302 303 304 305 306 307 309 319              # job 289

4976     291 292 293 294 295 296 297 298 299 300 301 302 303 304 305 306 307 309                      # job 290

5024     292 297 301                                                                                  # job 291

4996     297 319                                                                                      # job 292

4991     294 295 296 297 298 299 300 301 302 303 304 305 306 307 309 312 315                          # job 293

5050     295 296 297 298 299 300 301 302 303 304 305 306 307 309 312 315 319                          # job 294

4952     296 297 298 299 300 301 302 303 304 305 306 307 309 312 315                                  # job 295

5024     297 298 299 300 301 302 303 304 305 306 307 309 312 315 319                                  # job 296

5065     319 447 468                                                                                  # job 297

4952     299 300 301 302 303 304 305 306 307 309 312 315 330                                          # job 298

4989     300 301 302 303 304 305 306 307 309 312 315 319 330 447                                      # job 299

5027     301 302 303 304 305 306 307 309 312 315 319 330                                              # job 300

5006                                                                                                  # job 301

5067     303 304 305 306 307 309 312 315 324 330                                                      # job 302

4983     304 305 306 307 309 312 315 319 324 330 447                                                  # job 303

5022     305 306 307 309 312 315 324 330                                                              # job 304

5061     306 307 309 312 315 319 324 330 447 468                                                      # job 305

4970     307 309 312 315 319 324 330 447                                                              # job 306

4994     309 312 324                                                                                  # job 307

5047     309 310 311 312 313 314 315 316 317 318 320 321 322 323 324 325 326 327 328                  # job 308

5087     312 315 324                                                                                  # job 309

5007     311 312 313 314 315 316 317 318 319 320 321 322 323 324 325 326 327 328 330 332 447          # job 310

5067     312 313 314 315 316 317 318 319 320 321 322 323 324 325 326 327 328 330 332                  # job 311

5054     315 319 324 330 447                                                                          # job 312

5020     314 315 316 317 318 320 321 322 323 324 325 326 327 328 332 336                              # job 313

4974     315 316 317 318 320 321 322 323 324 325 326 327 328 330 332 336                              # job 314

5060     319 330                                                                                      # job 315

5090     317 318 319 320 321 322 323 324 325 326 327 328 330 332 336 343 447                          # job 316

5013     318 320 321 322 323 324 325 326 327 328 330 332 336 343                                      # job 317

5036     319 320 321 322 323 324 325 326 327 328 330 332 336 343 447                                  # job 318

5006     447 468                                                                                      # job 319

5031     321 322 323 325 326 327 328                                                                  # job 320

4970     322 323 324 325 326 327 328 330 332 336 343                                                  # job 321

4956     323 325 326 327 328 332                                                                      # job 322

5032     324 325 326 327 328 332 336                                                                  # job 323

5031     330 343 373 447                                                                              # job 324

5026     326 327 328 332 336 343 345                                                                  # job 325

4957     327 328 332 336 345                                                                          # job 326

5071     328 332 336 345                                                                              # job 327

5008     330 332 336 343 345 373                                                                      # job 328

4904     330 331 332 333 334 335 336 337 338 339 340 341 342 343 344 345 346 347 348 349 373 447      # job 329

5067                                                                                                  # job 330

5009     332 333 334 335 336 337 338 339 340 341 342 343 344 345 346 347 348 349 366 373              # job 331

5050     336 343 345                                                                                  # job 332

5023     334 335 336 337 338 339 340 341 342 343 344 345 346 347 348 349 352                          # job 333

5044     335 336 337 338 339 340 341 342 343 344 345 346 347 348 349 352                              # job 334

5046     336 337 338 339 340 341 342 343 344 345 346 347 348 349 352 366 373 447                      # job 335

5053     345                                                                                          # job 336

4941     338 339 340 341 342 343 344 345 346 347 348 349 352 356                                      # job 337

5056     339 340 341 342 343 344 345 346 347 348 349 352 356 366 373 447                              # job 338

4998     340 341 342 343 344 345 346 347 348 349 352 356 366 373 447                                  # job 339

5021     341 342 343 344 345 346 347 348 349 352 356 366 373                                          # job 340

5043     342 343 344 345 346 347 348 349 352 356                                                      # job 341

5072     343 344 345 346 347 348 349 352 356 366                                                      # job 342

4959                                                                                                  # job 343

5034     345 346 347 348 349 352 356 366 372                                                          # job 344

4986     366 372                                                                                      # job 345

5125     347 348 349 352 356                                                                          # job 346

5114     348 349 352 356 367 372                                                                      # job 347

5032     349 352 356 367                                                                              # job 348

4996     352 356 366 367 372 373                                                                      # job 349

5032     351 352 353 354 355 356 357 358 359 360 361 362 363 364 365 366 367 368 369 372              # job 350

5030     352 353 354 355 356 357 358 359 360 361 362 363 364 365 366 367 368 369 372 373 447 468      # job 351

5086     356 366 367 372 373                                                                          # job 352

5027     354 355 356 357 358 359 360 361 362 363 364 365 368 369 374                                  # job 353

4969     355 356 357 358 359 360 361 362 363 364 365 366 367 368 369 372 373 374 454 468              # job 354

5043     356 357 358 359 360 361 362 363 364 365 367 368 369 374                                      # job 355

5036     367                                                                                          # job 356

4958     358 359 360 361 362 363 364 365 367 368 369 374 378                                          # job 357

4996     359 360 361 362 363 364 365 366 367 368 369 372 374 378                                      # job 358

4993     360 361 362 363 364 365 367 368 369 374 378                                                  # job 359

5041     361 362 363 364 365 366 367 368 369 372 373 374 378                                          # job 360

4991     362 363 364 365 366 367 368 369 372 373 374 378 454                                          # job 361

5134     363 364 365 366 367 368 369 372 373 374 378                                                  # job 362

4982     364 365 366 367 368 369 372 373 374 378 454                                                  # job 363

5037     365 366 367 368 369 372 373 374 378                                                          # job 364

5037     366 367 368 369 372 374 378                                                                  # job 365

5029     373 454                                                                                      # job 366

5130                                                                                                  # job 367

4997     369 372 374 378 389                                                                          # job 368

5074     372 373 374 378 389 400                                                                      # job 369

4927     371 372 373 374 375 376 377 378 379 380 381 382 383 384 385 386 387 388 389 390 400 454      # job 370

5014     372 374 375 376 377 378 379 380 381 382 383 384 385 386 387 388 389 390                      # job 371

5020     373 400 454                                                                                  # job 372

5084     454 468                                                                                      # job 373

4983     378 389 399                                                                                  # job 374

4998     376 377 378 379 380 381 382 383 384 385 386 387 388 389 390 393 399                          # job 375

5081     377 378 379 380 381 382 383 384 385 386 387 388 389 390 393 399 400 427 454                  # job 376

4927     378 379 380 381 382 383 384 385 386 387 388 389 390 393 399 400 427                          # job 377

5037     389 399 400                                                                                  # job 378

5065     380 381 382 383 384 385 386 387 388 389 390 393 397 399 400 427                              # job 379

5065     381 382 383 384 385 386 387 388 390 393 397                                                  # job 380

5047     382 383 384 385 386 387 388 389 390 393 397 399 400 427 454                                  # job 381

4929     383 384 385 386 387 388 389 390 393 397 399 400 427 454                                      # job 382

4922     384 385 386 387 388 389 390 393 397 399 400 427 447 454 468                                  # job 383

4997     385 386 387 388 389 390 393 397                                                              # job 384

4945     386 387 388 389 390 393 397 399 400                                                          # job 385

5057     387 388 389 390 393 397 399                                                                  # job 386

5048     388 389 390 393 397 399 400                                                                  # job 387

5023     389 390 393 397 399 400                                                                      # job 388

5002                                                                                                  # job 389

5050     393 397 399 400 413 427 454                                                                  # job 390

5020     392 393 394 395 396 397 398 399 400 401 402 403 404 405 406 407 408 409 410 413 427          # job 391

4973     393 394 395 396 397 398 399 400 401 402 403 404 405 406 407 408 409 410 413 427 454 468      # job 392

5010     397 399 400 413                                                                              # job 393

5014     395 396 397 398 401 402 403 404 405 406 407 408 409 410 414                                  # job 394

5067     396 397 398 399 400 401 402 403 404 405 406 407 408 409 410 413 414 427 454                  # job 395

5028     397 398 401 402 403 404 405 406 407 408 409 410 413 414                                      # job 396

5117     399 400 413 427 454                                                                          # job 397

4953     401 402 403 404 405 406 407 408 409 410 413 414 418                                          # job 398

5044     400                                                                                          # job 399

5015                                                                                                  # job 400

5085     402 403 404 405 406 407 408 409 410 413 414 418 424 431                                      # job 401

4989     403 404 405 406 407 408 409 410 413 414 418 424                                              # job 402

5048     404 405 406 407 408 409 410 413 414 418                                                      # job 403

5046     405 406 407 408 409 410 413 414 418 424 431                                                  # job 404

5115     406 407 408 409 410 413 414 418 424 427 431 454                                              # job 405

5030     407 408 409 410 414 418                                                                      # job 406

4982     408 409 410 413 414 418 424 431                                                              # job 407

5008     409 410 413 414 418 424 431                                                                  # job 408

5007     410 414 418                                                                                  # job 409

4973     413 414 418 424                                                                              # job 410

5052     412 413 414 415 416 417 418 419 420 421 422 423 424 425 426 428 429 430 431 432              # job 411

4997     413 414 415 416 417 418 419 420 421 422 423 424 425 426 427 428 429 430 431 432 454          # job 412

5045     424 427 431                                                                                  # job 413

4947     418                                                                                          # job 414

5076     416 417 418 419 420 421 422 423 424 425 426 428 429 430 432 435 437                          # job 415

5112     417 418 419 420 421 422 423 424 425 426 427 428 429 430 431 432 435 437                      # job 416

5057     418 419 420 421 422 423 424 425 426 427 428 429 430 431 432 435 437                          # job 417

5044     424 427 431 437                                                                              # job 418

5022     420 421 422 423 424 425 426 427 428 429 430 431 432 435 437 440 454                          # job 419

5024     421 422 423 424 425 426 428 429 430 431 432 435 437 440                                      # job 420

5047     422 423 424 425 426 428 429 430 431 432 435 437 440                                          # job 421

4931     423 424 425 426 427 428 429 430 431 432 435 437 440                                          # job 422

5051     424 425 426 427 428 429 430 431 432 435 437 440 454 468                                      # job 423

5009     427 431                                                                                      # job 424

5046     426 428 429 430 431 432 435 437 440 456                                                      # job 425

4967     428 429 430 432 435 440                                                                      # job 426

4971     454 468                                                                                      # job 427

5014     429 430 431 432 435 437 440 454 456 468 496                                                  # job 428

4964     430 431 432 435 437 440 456 496                                                              # job 429

5065     432 435 437 440                                                                              # job 430

5042                                                                                                  # job 431

4938     435 437 440 456 474 496                                                                      # job 432

5055     434 435 436 437 438 439 440 441 442 443 444 445 446 448 449 450 451 452 456 474 496          # job 433

5064     435 436 437 438 439 440 441 442 443 444 445 446 448 449 450 451 452 456                      # job 434

5039     437 440 456                                                                                  # job 435

5044     437 438 439 440 441 442 443 444 445 446 448 449 450 451 452 456 457 474                      # job 436

4949     456 474                                                                                      # job 437

4955     439 440 441 442 443 444 445 446 448 449 450 451 452 456 457 462 468 474 496                  # job 438

5069     440 441 442 443 444 445 446 448 449 450 451 452 456 457 462                                  # job 439

4982     456 462 474 496                                                                              # job 440

5022     442 443 444 445 446 448 449 450 451 452 456 457 461 462 474                                  # job 441

5098     443 444 445 446 448 449 450 451 452 457 461                                                  # job 442

5012     444 445 446 448 449 450 451 452 456 457 461 462                                              # job 443

5054     445 446 448 449 450 451 452 456 457 461 462 474                                              # job 444

4911     446 448 449 450 451 452 456 457 461 462                                                      # job 445

5074     448 449 450 451 452 456 457 461 462 474 496                                                  # job 446

5053     454 468                                                                                      # job 447

4987     449 450 451 452 457 461                                                                      # job 448

5041     450 451 452 456 457 461 462                                                                  # job 449

5084     451 452 457 461 462                                                                          # job 450

5028     452 457 461                                                                                  # job 451

5032     456 457 461 462 474                                                                          # job 452

4989     455 457 458 459 460 461 462 463 464 465 466 467 469 470 471 472 473 475                      # job 453

5087     468                                                                                          # job 454

5049     457 458 459 460 461 462 463 464 465 466 467 469 470 471 472 473 475                          # job 455

5046     474                                                                                          # job 456

5055     461 462 474 482 496                                                                          # job 457

5103     459 460 461 462 463 464 465 466 467 469 470 471 472 473 474 475 478 482                      # job 458

5016     460 461 462 463 464 465 466 467 469 470 471 472 473 475 478 482                              # job 459

5134     461 462 463 464 465 466 467 468 469 470 471 472 473 474 475 478 482 496                      # job 460

4989     462 474 482                                                                                  # job 461

5058     474 482 496                                                                                  # job 462

5021     464 465 466 467 469 470 471 472 473 474 475 478 482 484 487                                  # job 463

5078     465 466 467 469 470 471 472 473 475 478 482 484 487                                          # job 464

5039     466 467 469 470 471 472 473 475 478 484                                                      # job 465

4983     467 469 470 471 472 473 475 478 482 484 487                                                  # job 466

5035     469 470 471 472 473 474 475 478 482 484 487                                                  # job 467

4974                                                                                                  # job 468

5029     470 471 472 473 474 475 478 482 484 487                                                      # job 469

5018     471 472 473 475 478                                                                          # job 470

5033     472 473 474 475 478 482 484 487                                                              # job 471

4973     473 475 478 482 484 487                                                                      # job 472

4999     475 478 482 484 487                                                                          # job 473

4986     468 496                                                                                      # job 474

5051     261 478 482 484 487                                                                          # job 475

5067     261 468 477 478 479 480 481 482 483 484 485 486 487 488 489 490 491 492 493 494 495 496      # job 476

4967     261 478 479 480 481 482 483 484 485 486 487 488 489 490 491 492 493 494 495                  # job 477

5057     484 487                                                                                      # job 478

5014     261 480 481 482 483 484 485 486 487 488 489 490 491 492 493 494 495 499                      # job 479

4983     261 481 482 483 484 485 486 487 488 489 490 491 492 493 494 495 496 499                      # job 480

5037     483 484 485 486 488 489 490 491 492 493 494 495 499                                          # job 481

5038     261 496                                                                                      # job 482

5003     260 261 468 484 485 486 487 488 489 490 491 492 493 494 495 496 499                          # job 483

5094     260 261 454 468 487 496                                                                      # job 484

5078     255 260 261 468 486 487 488 489 490 491 492 493 494 495 496 499                              # job 485

4985     255 260 487 488 489 490 491 492 493 494 495 499                                              # job 486

5031     260 261                                                                                      # job 487

4992     255 260 261 263 489 490 491 492 493 494 495 496 499                                          # job 488

5051     255 260 261 263 490 491 492 493 494 495 496 499                                              # job 489

5024     255 260 261 263 491 492 493 494 495 499                                                      # job 490

5104     255 260 263 492 493 494 495 499                                                              # job 491

5040     255 260 261 263 468 493 494 495 496 499                                                      # job 492

4954     255 260 261 263 494 495 499                                                                  # job 493

4928     255 260 261 263 468 495 496 499                                                              # job 494

4935     255 260 261 263 499                                                                          # job 495

5010     454 468                                                                                      # job 496

5081     250 251 252 253 254 255 256 257 258 259 260 261 262 263 264 265 266 267 268 447 499          # job 497

4980     250 251 252 253 254 255 256 257 258 259 262 263 264 265 266 267 268 499                      # job 498

5077     255 260 263                                                                                  # job 499

