300

4961      15  37                                                                                      # job 0

5006       2   3   4   5   6   7   8   9  10  11  12  13  14  16  17  18  19  20  21  22  37  46      # job 1

5017       3   9  20  37  46                                                                          # job 2

5121       9  20  46                                                                                  # job 3

5004       5   7   9  10  12  14  17  19  20  22  24  27  46                                          # job 4

5024       9  20  24  27  46                                                                          # job 5

5031       7  10  12  14  17  19  22  24  25  26                                                      # job 6

5028       9  15  20  24  26  27  37  46                                                              # job 7

5067       9  10  12  14  17  19  20  22  24  25  26  27  28  29                                      # job 8

5009      15  37  46  69                                                                              # job 9

5005      15  20  24  26  27  29  37  46  49                                                          # job 10

5086      12  14  15  17  19  20  22  24  25  26  27  28  29  30  31  37  46  49                      # job 11

5033      20  24  26  27  29  31  37  46  49                                                          # job 12

5004      14  17  19  20  22  24  25  26  27  28  29  30  31  32  33  37  46  49                      # job 13

4948      20  24  26  27  29  31  33                                                                  # job 14

4984                                                                                                  # job 15

5016      17  19  20  22  24  25  26  27  28  29  30  31  32  33  34  35  46  49                      # job 16

5051      24  26  27  29  31  33  35                                                                  # job 17

4997      19  20  22  24  25  26  27  28  29  30  31  32  33  34  35  36  37  38  46  49              # job 18

5127      20  24  26  27  29  31  33  35  37  38  46  49                                              # job 19

5058                                                                                                  # job 20

5016      22  24  25  26  27  28  29  30  31  32  33  34  35  36  38  39  40                          # job 21

4990      24  26  27  29  31  33  35  38  40  49  50                                                  # job 22

5044      24  25  26  27  28  29  30  31  32  33  34  35  36  38  39  40  41  42  49  50              # job 23

5005      27  49  50                                                                                  # job 24

5077      26  29  31  33  35  38  40  42  44                                                          # job 25

5000      27  44  50                                                                                  # job 26

5026      46  49  50                                                                                  # job 27

5046      29  31  33  35  38  40  42  44  45  47  49  50  51                                          # job 28

5140      44  47  50  51                                                                              # job 29

5072      31  33  35  37  38  40  42  44  45  46  47  48  49  50  51  52                              # job 30

4950      37  44  46  47  49  50  51  52                                                              # job 31

5033      33  35  38  40  42  44  45  47  48  50  51  52  53  54                                      # job 32

4979      44  46  47  49  50  51  52  54                                                              # job 33

5025      15  35  37  38  40  42  44  45  46  47  48  49  50  51  52  53  54  55  56                  # job 34

5052      44  47  49  50  51  52  54  56                                                              # job 35

5083      38  40  42  44  45  47  48  51  52  53  54  55  56  57  58                                  # job 36

4980                                                                                                  # job 37

4968      44  47  50  51  52  54  56  58                                                              # job 38

5063      15  40  42  44  45  46  47  48  49  50  51  52  53  54  55  56  57  58  59  60  69          # job 39

5092      44  47  51  52  54  56  58  60                                                              # job 40

5055      15  42  44  45  46  47  48  49  50  51  52  53  54  55  56  57  58  59  60  61  62  69      # job 41

5055      44  47  52  54  56  58  60  62                                                              # job 42

5068      44  45  47  48  50  51  52  53  54  55  56  57  58  59  60  61  62  63  64                  # job 43

5040      50  51                                                                                      # job 44

4993      47  51  52  54  56  58  60  62  64  67                                                      # job 45

5070      69                                                                                          # job 46

5005      49  50  51  67  90                                                                          # job 47

5037      51  52  54  56  58  60  62  64  66  67  68                                                  # job 48

5046      69  90                                                                                      # job 49

4958      83  90                                                                                      # job 50

4946      79  83                                                                                      # job 51

5031      67  68  69  75  79  83  90                                                                  # job 52

5047      54  56  58  60  62  64  66  67  68  70  71  75  79  83  90                                  # job 53

5018      67  68  69  71  75  79  83  90                                                              # job 54

5071      56  58  60  62  64  66  67  68  70  71  72  73  75  79  83  90                              # job 55

5018      67  68  71  73  75  79  83  90                                                              # job 56

5088      15  58  60  62  64  66  67  68  69  70  71  72  73  74  75  76  79  83  90                  # job 57

5053      15  67  68  69  71  73  75  76  79  83  90                                                  # job 58

4998      60  62  64  66  67  68  70  71  72  73  74  75  76  77  78  79  83                          # job 59

4983      67  68  71  73  76  78                                                                      # job 60

4997      62  64  66  67  68  70  71  72  73  74  75  76  77  78  79  80  81                          # job 61

5064      67  68  71  73  75  76  78  79  81  83  90                                                  # job 62

5005      64  66  67  68  69  70  71  72  73  74  75  76  77  78  79  80  81  82  83  84  90          # job 63

4957      67  68  71  73  75  76  78  79  81  84                                                      # job 64

5067      66  68  70  71  72  73  74  76  77  78  80  81  82  84  85  86                              # job 65

4945      67  68  71  73  75  76  78  81  84  86                                                      # job 66

5003      75                                                                                          # job 67

5020      75  79  83  89  90                                                                          # job 68

5039      15                                                                                          # job 69

5065      69  71  73  75  76  78  79  81  83  84  86  88  89  90  91                                  # job 70

5159      89  91                                                                                      # job 71

5124      73  76  78  81  84  86  88  89  91  92  93                                                  # job 72

4929      75  89  91  93                                                                              # job 73

4950      75  76  78  79  81  83  84  86  88  89  91  92  93  94  95                                  # job 74

5068      79  83  90                                                                                  # job 75

5014      89  91  93  95  98                                                                          # job 76

4969      78  79  81  84  86  88  89  91  92  93  94  95  96  97  98                                  # job 77

4984      69  79  83  89  90  91  93  95  97  98                                                      # job 78

4985      69  83  90                                                                                  # job 79

4999      15  69  81  83  84  86  88  89  90  91  92  93  94  95  96  97  98  99 100 110              # job 80

5031      83  89  90  91  93  95  97  98 100 110                                                      # job 81

4975      84  86  88  89  91  92  93  94  95  96  97  98  99 100 101 102 110                          # job 82

5026                                                                                                  # job 83

5031      89  91  93  95  97  98 100 102                                                              # job 84

5103      69  86  88  89  90  91  92  93  94  95  96  97  98  99 100 101 102 103 104 110 120          # job 85

5103      89  91  93  95  97  98 100 102 104                                                          # job 86

5018      15  69  88  89  90  91  92  93  94  95  96  97  98  99 100 101 102 103 104 105 106 110 120  # job 87

4961      89  91  93  95  97  98 100 102 104 106 110                                                  # job 88

4975      98                                                                                          # job 89

5039                                                                                                  # job 90

5016      15  69  98 109 110 120 133                                                                  # job 91

5099      93  95  97  98 100 102 104 106 108 109 111                                                  # job 92

5110      98 109 110 111 120 133                                                                      # job 93

5105      95  97  98 100 102 104 106 108 109 110 111 112 113 120                                      # job 94

5044      69  98 109 110 111 113 120 133                                                              # job 95

4946      97  98 100 102 104 106 108 109 110 111 112 113 114 115 120 133                              # job 96

4976     109 111 113 115                                                                              # job 97

5048     110 120 133                                                                                  # job 98

5018     100 102 104 106 108 109 110 111 112 113 114 115 116 117 120 122                              # job 99

4979     109 111 113 115 117 122                                                                      # job 100

5004     102 104 106 108 109 110 111 112 113 114 115 116 117 118 119 120 122 133                      # job 101

4999     109 111 113 115 117 119                                                                      # job 102

5042      69 104 106 108 109 110 111 112 113 114 115 116 117 118 119 120 121 122 123 133              # job 103

5040     109 110 111 113 115 117 119 120 122 123                                                      # job 104

5014     106 108 109 111 112 113 114 115 116 117 118 119 121 122 123 124 125                          # job 105

5016      15  69 109 110 111 113 115 117 119 120 122 123 125 133                                      # job 106

5096     108 109 111 112 113 114 115 116 117 118 119 121 123 124 125 126 127                          # job 107

5012     109 110 111 113 115 117 119 120 122 123 125 127                                              # job 108

4974      69 110 120 122 133                                                                          # job 109

4995      15  69 120 133                                                                              # job 110

5078     120 122 130 132                                                                              # job 111

5044     113 115 117 119 120 122 123 125 127 129 130 131 132 133                                      # job 112

5079     120 122 130 131 132                                                                          # job 113

5017     115 117 119 122 123 125 127 129 130 131 132 134 135                                          # job 114

4945     122 130 131 132 135                                                                          # job 115

4976     117 119 123 125 127 129 130 131 134 135 136 137                                              # job 116

5005      15 120 122 130 131 132 133 135 137                                                          # job 117

5074     119 122 123 125 127 129 130 131 132 134 135 136 137 138 139                                  # job 118

5012     122 130 131 132 135 137 139                                                                  # job 119

5019     133                                                                                          # job 120

5028       0  15 122 123 125 127 129 130 131 132 133 134 135 136 137 138 139 140 141                  # job 121

5097       0 132 133                                                                                  # job 122

5046     130 131 132 135 137 139 141 144                                                              # job 123

5005       0  15  69 125 127 129 130 131 132 133 134 135 136 137 138 139 140 141 142 143 144          # job 124

5078       0 130 131 132 135 137 139 141 143 144                                                      # job 125

4959       0 127 129 130 131 132 134 135 136 137 138 139 140 141 142 143 144 145 146                  # job 126

5111       0 130 131 132 133 135 137 139 141 143 144 146                                              # job 127

4987       0 129 130 131 132 133 134 135 136 137 138 139 140 141 142 143 144 145 146 147 148          # job 128

5096       0  15 130 131 132 133 135 137 139 141 143 144 146 148                                      # job 129

5036       0  15 132 133 144                                                                          # job 130

5016       3 132 144                                                                                  # job 131

4994       0 133                                                                                      # job 132

5052                                                                                                  # job 133

5001       0   2   3   9 135 137 139 141 143 144 146 148 150                                          # job 134

5052       0   2   3   9 144                                                                          # job 135

4965       0   2   3   4   5   9 137 139 141 143 144 146 148 150                                      # job 136

5003       2   3   5                                                                                  # job 137

4964       0   2   3   4   5   6   7   9  15  37 139 141 143 144 146 148 150                          # job 138

5041       0   2   3   5   7   9  15  37 144                                                          # job 139

5073       0   2   3   4   5   6   7   8   9  10  37 141 143 144 146 148 150                          # job 140

5068       0   2   3   5   7   9  10  15  37 144                                                      # job 141

4963       0   2   3   4   5   6   7   8   9  10  11  12  37 143 144 146 148 150                      # job 142

5057       0   2   3   5   7   9  10  12  37 144                                                      # job 143

5009                                                                                                  # job 144

5051       0   2   3   4   5   6   7   8   9  10  11  12  13  14  20  37 146 148 150                  # job 145

5022       0   2   3   5   7   9  10  12  14  15  20  37                                              # job 146

5012       2   3   4   5   6   7   8  10  11  12  13  14  16  17 148 150                              # job 147

5049       2   3   5   7   9  10  12  14  17  20                                                      # job 148

5034       2   4   5   6   7   8  10  11  12  13  14  16  17  18  19 150                              # job 149

5094       2   3   5   7   9  10  12  14  17  19  20                                                  # job 150

4979     152 153 154 155 156 157 158 159 160 161 162 163 164 165 166 167 168 169 170 178              # job 151

5043     157 158 159 161 163 164 166 168 170 178                                                      # job 152

4988     157 158 159 161 163 164 166 168 170 173                                                      # job 153

5012     157 158 159 161 163 164 166 168 170 173 174                                                  # job 154

5001     157 158 159 161 163 164 166 168 170 173 174 175                                              # job 155

5090     157 158 159 161 163 164 166 168 170 173 174 175 176 178                                      # job 156

5040     159 163 172 178 299                                                                          # job 157

5037     159 163 172 178 180                                                                          # job 158

5039     172 178                                                                                      # job 159

4960     161 163 164 166 168 170 172 173 174 175 176 177 178 179 180 187                              # job 160

4978     163 172 178 179 180 187 299                                                                  # job 161

4979     163 164 166 168 170 172 173 174 175 176 177 178 179 180 181 182 187                          # job 162

5005     172 178 187                                                                                  # job 163

5073     179 180 182 189                                                                              # job 164

5052     166 168 170 172 173 174 175 176 177 178 179 180 181 182 183 184 187 189                      # job 165

4988     179 180 182 184                                                                              # job 166

4976     168 170 173 174 175 176 177 179 181 182 183 184 185 186                                      # job 167

5026     172 178 179 180 182 184 186 187 189 299                                                      # job 168

5052     170 172 173 174 175 176 177 178 179 180 181 182 183 184 185 186 187 188 189 190              # job 169

5088     172 178 179 180 182 184 186 187 189 190 299                                                  # job 170

5035     173 174 175 176 177 179 180 181 182 183 184 185 186 187 188 189 190 191 192                  # job 171

5017     299                                                                                          # job 172

4920     178 179 180 182 184 186 187 189 190 192                                                      # job 173

5015     179 180 182 184 186 189 190 192 194                                                          # job 174

4982     179 180 182 184 186 187 189 190 192 194 195                                                  # job 175

5054     178 179 180 182 184 186 187 189 190 192 194 195 196                                          # job 176

4995     179 180 182 184 186 187 189 190 192 194 195 196 197                                          # job 177

4991                                                                                                  # job 178

5046     180 187 189 211 234 299                                                                      # job 179

5070                                                                                                  # job 180

5143     182 184 186 187 189 190 192 194 195 196 197 198 199 202                                      # job 181

4986     187 189 199 202 211                                                                          # job 182

4968     184 186 187 189 190 192 194 195 196 197 198 199 200 201 202                                  # job 183

4988     187 189 199 201 202 211                                                                      # job 184

5007     186 190 192 194 195 196 197 198 199 200 201 203 204                                          # job 185

4993     187 189 199 201 202 204 211 234 299                                                          # job 186

5050     207 211 234 299                                                                              # job 187

4930     189 190 192 194 195 196 197 198 199 200 201 202 203 204 205 206 211 213                      # job 188

4958     211 213 234                                                                                  # job 189

4976     199 201 202 204 206 211 213 214 234 299                                                      # job 190

5011     192 194 195 196 197 198 199 200 201 202 203 204 205 206 208 209                              # job 191

5139     199 201 202 204 206 209 211 213 214                                                          # job 192

5030     194 195 196 197 198 199 200 201 202 203 204 205 206 208 209 210 211 212 213 214 234          # job 193

4962     199 201 202 204 206 209 211 212 213 214 234                                                  # job 194

5000     199 201 204 206 209 212 216                                                                  # job 195

5030     199 201 202 204 206 207 209 211 212 213 214 216 217 234                                      # job 196

4995     199 201 202 204 206 207 209 211 212 213 214 216 217 218 234                                  # job 197

5022     199 201 202 204 206 209 211 212 213 214 216 217 218 219 234                                  # job 198

5143     202 211 213 214 234                                                                          # job 199

5039     201 202 204 206 209 211 212 213 214 216 217 218 219 220 221 234                              # job 200

4942     202 214 221                                                                                  # job 201

5062     211 213 214 234                                                                              # job 202

5069     204 206 209 212 213 214 216 217 218 219 220 221 222 223 225                                  # job 203

5065     213 214 221 223 225                                                                          # job 204

5087     206 209 211 212 213 214 216 217 218 219 220 221 222 223 224 225 226                          # job 205

5035     211 213 214 221 223 225 226                                                                  # job 206

5026                                                                                                  # job 207

5108     209 211 212 213 214 216 217 218 219 220 221 222 223 224 225 226 227 228                      # job 208

5058     221 223 225 226 228                                                                          # job 209

5051     212 213 214 216 217 218 219 220 221 222 223 224 225 226 227 228 229 230                      # job 210

4959     207 234                                                                                      # job 211

5030     207 213 214 221 223 225 226 228 230 234 244                                                  # job 212

4960     234 244                                                                                      # job 213

5006     240                                                                                          # job 214

5041     216 217 218 219 220 221 222 223 224 225 226 227 228 229 230 231 232 236 240 244              # job 215

5020     221 223 225 226 228 230 232 236 240 244                                                      # job 216

5022     221 223 226 228 230 232 235                                                                  # job 217

5071     221 223 225 226 228 230 232 235 236 237                                                      # job 218

5013     221 223 225 226 228 230 232 235 236 237 238                                                  # job 219

5082     221 223 225 226 228 230 232 234 235 236 237 238 239 240 244                                  # job 220

5019     225 236 240                                                                                  # job 221

5019     207 223 225 226 228 230 232 234 235 236 237 238 239 240 241 242 244 298 299                  # job 222

5058     207 225 234 236 240 242 244 299                                                              # job 223

4944     225 226 228 230 232 235 236 237 238 239 240 241 242 243 244 245                              # job 224

5103     236 240 244                                                                                  # job 225

4994     207 234 236 240 242 244 245 248                                                              # job 226

5073     228 230 232 235 236 237 238 239 240 241 242 243 244 245 246 247 248                          # job 227

5075     234 236 240 242 244 245 247 248                                                              # job 228

4998     230 232 235 237 238 239 241 242 243 245 246 247 249 250                                      # job 229

5055     236 242 245 247 248 250                                                                      # job 230

5039     232 235 236 237 238 239 240 241 242 243 244 245 246 247 248 249 250 251 252                  # job 231

4983     236 242 245 247 248 250 252                                                                  # job 232

5043     235 236 237 238 239 240 241 242 243 245 246 247 248 249 250 251 252 253 254                  # job 233

5029     207                                                                                          # job 234

5083     207 236 240 242 244 245 247 248 250 252 254 298                                              # job 235

4961     207 240 244 298                                                                              # job 236

5020     240 242 244 245 247 248 250 252 254 256 260                                                  # job 237

4922     240 242 245 247 248 250 252 254 256 257 260                                                  # job 238

4969     207 240 242 244 245 247 248 250 252 254 256 257 258 260 298 299                              # job 239

4946     244 298                                                                                      # job 240

5039     242 244 245 247 248 250 252 254 256 257 258 259 260 268                                      # job 241

5066     248 260 268                                                                                  # job 242

4971     244 245 247 248 250 252 254 256 257 258 259 260 261 262 268                                  # job 243

5031     298                                                                                          # job 244

4959     248 260 262                                                                                  # job 245

5003     207 247 248 250 252 254 256 257 258 259 260 261 262 263 264 268 281 298                      # job 246

5000     207 248 260 262 264 268 281 298 299                                                          # job 247

5022     260                                                                                          # job 248

5035     250 252 254 256 257 258 259 260 261 262 263 264 265 266 267 268 281                          # job 249

5022     262 264 266 267                                                                              # job 250

5031     207 252 254 256 257 258 259 260 261 262 263 264 265 266 267 268 269 270 281 298              # job 251

5074     260 262 264 266 267 268 270                                                                  # job 252

5036     254 256 257 258 259 261 262 263 264 265 266 267 269 270 271 272                              # job 253

5048     260 262 264 266 267 268 270 272                                                              # job 254

5028     256 257 258 259 260 261 262 263 264 265 266 267 268 269 270 271 272 273 274 281              # job 255

5018     260 262 264 266 267 268 270 272 274 281                                                      # job 256

5043     260 262 264 266 267 268 270 272 274 276 281                                                  # job 257

4996     260 262 264 266 267 268 270 272 274 276 277                                                  # job 258

4994     262 264 266 267 270 272 274 276 277 278                                                      # job 259

5065     268                                                                                          # job 260

4998     262 264 266 267 268 270 272 274 276 277 278 279 281 285 298                                  # job 261

5031     207 267 268 281 285 298                                                                      # job 262

4979     264 266 267 268 270 272 274 276 277 278 279 280 281 283 285                                  # job 263

5055     267 268 283 285                                                                              # job 264

5020     266 267 268 270 272 274 276 277 278 279 280 281 282 283 284 285 298                          # job 265

5045     267 283 284                                                                                  # job 266

5011                                                                                                  # job 267

5065     207 281 298 299                                                                              # job 268

5030     207 270 272 274 276 277 278 279 280 281 282 283 284 285 286 287 289 291 298 299              # job 269

5077     283 284 285 287 289 291                                                                      # job 270

4957     272 274 276 277 278 279 280 282 284 286 287 288 290                                          # job 271

5075     281 283 284 285 287 289 290 291                                                              # job 272

4962     274 276 277 278 279 280 281 282 283 284 285 286 287 288 289 290 291 292 293                  # job 273

4974     281 283 284 285 287 289 290 291 293                                                          # job 274

5040     276 277 278 279 280 281 282 283 284 285 286 287 288 289 290 291 292 293 294 295 298          # job 275

4944     207 281 283 284 285 287 289 290 291 293 295 298                                              # job 276

5091     283 284 285 287 289 290 291 293 295 297                                                      # job 277

5043     152 283 284 287 289 290 293 295 297                                                          # job 278

5070     152 153 281 283 284 285 287 289 290 291 293 295 297 298                                      # job 279

5006     152 153 154 281 283 284 285 287 289 290 291 293 295 297 298                                  # job 280

5059                                                                                                  # job 281

5044     152 153 154 155 172 283 284 285 287 289 290 291 293 295 297 298                              # job 282

5056     172 207 285 289 291 298 299                                                                  # job 283

4985     157 172 285 289 291 298                                                                      # job 284

5055     291                                                                                          # job 285

5024     152 153 154 155 156 157 158 159 172 287 289 290 291 293 295 297 298                          # job 286

5084     157 158 159 289 291                                                                          # job 287

5054     152 153 154 155 156 157 158 159 160 161 172 207 289 290 291 293 295 297 299                  # job 288

5037     159 172 291 299                                                                              # job 289

5000     157 158 159 161 163 291                                                                      # job 290

5016     172 207 299                                                                                  # job 291

5031     152 153 154 155 156 157 158 159 160 161 162 163 164 293 295 297                              # job 292

5068     157 158 159 161 163 164 172 178 207 299                                                      # job 293

4984     152 153 154 155 156 157 158 159 160 161 162 163 164 165 166 295 297                          # job 294

4982     157 158 159 161 163 164 166 172 178 299                                                      # job 295

5037     152 153 154 155 156 157 158 159 160 161 162 163 164 165 166 167 168 172 178 297 299          # job 296

4965     157 158 159 161 163 164 166 168 178                                                          # job 297

5044     207 299                                                                                      # job 298

5003     207                                                                                          # job 299

